"ID","SalePrice"
1461,113421.372243754
1462,158118.311674381
1463,178612.358714587
1464,197630.015801936
1465,190241.009825245
1466,170432.046027885
1467,188868.485314179
1468,162860.008607701
1469,185785.894726948
1470,114944.547874416
1471,187590.852984923
1472,93803.2300492482
1473,91976.6614207844
1474,145399.356738447
1475,114214.56504818
1476,331268.479228437
1477,259436.906056579
1478,269544.166135758
1479,263422.403303448
1480,469708.347211859
1481,318328.056433907
1482,214026.005973003
1483,174076.292809089
1484,158703.015963371
1485,188776.17241918
1486,199390.327018135
1487,306287.228396575
1488,231910.944599069
1489,193908.851546104
1490,225341.413917347
1491,193806.896587101
1492,94669.1074945779
1493,186406.045637098
1494,311375.651828477
1495,293404.73736148
1496,230095.114934863
1497,176329.439814356
1498,161100.91118424
1499,160951.397470718
1500,155010.160836932
1501,176617.407524238
1502,148472.793343298
1503,279340.768686633
1504,229375.259205583
1505,222013.998587093
1506,195556.746861771
1507,245301.384747228
1508,213290.883123194
1509,167877.289848719
1510,141154.855964494
1511,146149.922181866
1512,166443.830302751
1513,133833.106612473
1514,153450.706057358
1515,198569.981506332
1516,158683.037546786
1517,164337.494146906
1518,131506.650129489
1519,211643.467461909
1520,131374.808044417
1521,131086.003102783
1522,176833.497711062
1523,108170.933469262
1524,127159.351007523
1525,124332.792808506
1526,111752.393530197
1527,105097.752779942
1528,147411.597037472
1529,145819.451965064
1530,195452.482386937
1531,118529.806113104
1532,102838.997186368
1533,159459.557236144
1534,122063.793681953
1535,151190.665954539
1536,113949.520432356
1537,61662.0410395363
1538,160243.012576564
1539,201255.479151445
1540,98685.734627021
1541,144339.473941925
1542,132628.693699608
1543,169412.133537172
1544,81246.308372722
1545,116268.738507789
1546,135248.846410593
1547,131989.02698712
1548,132576.492671427
1549,114460.349461035
1550,128150.471661719
1551,117443.570577013
1552,138592.457596582
1553,143823.281149385
1554,124026.864837319
1555,167982.806596476
1556,96850.135758558
1557,101631.939506075
1558,103057.984702661
1559,71877.6069199623
1560,143219.462252374
1561,118324.965677677
1562,126459.572269173
1563,115641.757627118
1564,159295.941021185
1565,142671.032452538
1566,253943.264057563
1567,73867.6513374652
1568,253838.396723245
1569,129014.355753586
1570,140741.843385204
1571,127577.523512911
1572,150525.166119272
1573,216789.210342306
1574,120708.199985881
1575,239199.872566579
1576,252877.738323704
1577,179227.637135173
1578,154968.747696293
1579,146311.021632913
1580,191018.49177871
1581,169080.34886225
1582,126697.304088977
1583,311536.019285159
1584,212149.213425452
1585,138720.859204212
1586,62950.1679085392
1587,100238.321531062
1588,155640.644791685
1589,96731.6569842454
1590,138064.976479612
1591,96058.7482080041
1592,113906.646433745
1593,119801.172941739
1594,121268.055461373
1595,104098.249772972
1596,230611.61577234
1597,192061.266402199
1598,210425.022845933
1599,160787.324904337
1600,150926.044576201
1601,60383.7803791802
1602,104954.61852302
1603,86473.3277879198
1604,251415.817700568
1605,229262.890721172
1606,171156.547140055
1607,178623.873198548
1608,214731.263752152
1609,191385.554809595
1610,155883.19298317
1611,132629.016279133
1612,158743.141660462
1613,157484.402068701
1614,120066.959129073
1615,89184.163458649
1616,78279.805413978
1617,92227.2557079442
1618,122206.837686034
1619,135890.094347607
1620,153238.887523352
1621,132127.119998763
1622,138436.240517678
1623,263950.924387683
1624,212197.50639871
1625,119031.41821503
1626,174517.643223962
1627,192602.678361619
1628,276574.081194582
1629,178228.912299216
1630,354048.427769132
1631,220811.008818621
1632,239576.084940632
1633,168631.544492435
1634,182913.409312019
1635,174672.45651042
1636,149738.360901126
1637,209138.622254694
1638,185684.586994551
1639,196449.774517892
1640,254102.535441999
1641,190717.304997668
1642,224564.678834318
1643,204022.822868171
1644,228149.318394496
1645,217537.679072544
1646,170286.379157445
1647,161776.155976875
1648,124108.799405215
1649,138422.601565607
1650,109347.505235049
1651,117663.50505508
1652,97188.2476609385
1653,102858.681019848
1654,137388.670387663
1655,139608.646041732
1656,136346.059278202
1657,140176.890917228
1658,137369.629433061
1659,117962.559635497
1660,156682.784904907
1661,409861.291962334
1662,380272.608459753
1663,370574.813853149
1664,484166.04683887
1665,294188.931400735
1666,327184.723790074
1667,353828.181299778
1668,327619.178145698
1669,287940.318160173
1670,332253.971135548
1671,283243.227603854
1672,426507.699246552
1673,295463.462170298
1674,250413.665613473
1675,205718.844130961
1676,205020.21140217
1677,229500.892027742
1678,465381.178153422
1679,364007.358175318
1680,327941.576378489
1681,243193.498892414
1682,307281.965470329
1683,192007.195407453
1684,175637.22874772
1685,175851.172995711
1686,167324.304748996
1687,177765.891650761
1688,196815.007206449
1689,197426.949835329
1690,200362.510783099
1691,188614.862109937
1692,257499.697533358
1693,168622.19718546
1694,181329.723903933
1695,165444.438644438
1696,264708.913876482
1697,176852.622333435
1698,339343.629917363
1699,348994.266259818
1700,258594.311809874
1701,275345.386901649
1702,240215.964318894
1703,237860.326405134
1704,284569.996256022
1705,231642.676773794
1706,396876.089501093
1707,204499.516641947
1708,200045.098238979
1709,258731.26302572
1710,215642.86895132
1711,255355.628920577
1712,256129.925015026
1713,255690.066811421
1714,224862.548434391
1715,198868.146655213
1716,183156.151756648
1717,171226.032861086
1718,136707.580572832
1719,202864.118984459
1720,244601.119767066
1721,165160.735422589
1722,124496.999222994
1723,157343.662641826
1724,206652.703308889
1725,232357.881084822
1726,186147.165480574
1727,154142.995271099
1728,180213.231902296
1729,172416.528859061
1730,161743.904427957
1731,123791.863152066
1732,125272.26497942
1733,108651.059319297
1734,113152.85143663
1735,123207.587197865
1736,110555.780940826
1737,378370.230352065
1738,274514.968829825
1739,256154.322114184
1740,212452.567436768
1741,189581.090255728
1742,168163.488701432
1743,175877.477715124
1744,360524.574003212
1745,210629.09403262
1746,194763.707691644
1747,220678.573967231
1748,221960.276985202
1749,147174.513995561
1750,130784.244922395
1751,257613.233387623
1752,117679.698107731
1753,139101.336371035
1754,201062.730201381
1755,179583.371113461
1756,125927.682306498
1757,118410.839781898
1758,138610.901228002
1759,167667.030611276
1760,154614.770321917
1761,145074.773503136
1762,174537.900828512
1763,174576.786924363
1764,112592.090213192
1765,176797.366664094
1766,194057.625476373
1767,233721.950852928
1768,142013.960489093
1769,172817.212946764
1770,153469.563236879
1771,119545.109492688
1772,139963.971185608
1773,122553.345510687
1774,154584.91341383
1775,143921.970791316
1776,121762.014330733
1777,112192.529407297
1778,136920.727173835
1779,106784.902149017
1780,177454.518618683
1781,125471.646811348
1782,85911.9015253472
1783,141055.731421786
1784,108170.900691533
1785,117027.139238699
1786,159422.833050343
1787,178446.560004669
1788,61362.1325452546
1789,98910.528230183
1790,81217.3880633315
1791,185293.084176426
1792,157291.500515144
1793,133855.159250468
1794,154236.003519889
1795,134900.25957593
1796,119268.316578634
1797,110426.667687558
1798,116367.741723404
1799,113319.361261742
1800,119019.747767265
1801,125551.974254637
1802,134879.410896377
1803,143454.247883222
1804,136868.916124747
1805,136650.874423996
1806,127839.255842285
1807,139920.95033737
1808,119437.569453009
1809,121702.47906138
1810,127783.126192799
1811,94275.1455846168
1812,100150.382702713
1813,121588.634603178
1814,92726.9648874204
1815,53711.9445788037
1816,107448.74049439
1817,109912.197449245
1818,154794.28933491
1819,124638.271811898
1820,71971.8154920748
1821,117699.008645201
1822,153936.249534432
1823,52950.0404962741
1824,127371.110943235
1825,126758.139505213
1826,106717.780521538
1827,98300.2249844456
1828,127608.476798522
1829,113239.742466195
1830,152442.216345232
1831,156146.447396861
1832,82155.1998476652
1833,130680.256788508
1834,119433.343439277
1835,125223.99400052
1836,123230.931452108
1837,87351.7901523142
1838,130699.712010532
1839,100996.117956036
1840,131862.867626533
1841,141735.488391253
1842,90379.5452349482
1843,126086.911206975
1844,129032.900235745
1845,140723.721175984
1846,146774.573126172
1847,170060.20428792
1848,49701.8529311857
1849,109819.756616471
1850,117862.730482261
1851,164948.304398329
1852,122016.5043061
1853,125725.339262097
1854,168235.122399813
1855,154647.450289847
1856,223787.681920433
1857,156528.962779484
1858,130474.754590518
1859,115556.88761033
1860,142988.594232607
1861,115253.059724823
1862,301955.153767953
1863,280468.3388125
1864,281124.925516129
1865,319089.939992379
1866,305491.794758686
1867,231593.637559793
1868,294781.021285759
1869,205671.031601584
1870,229329.210198333
1871,231491.622787937
1872,176050.331636943
1873,252856.629550472
1874,155447.826983593
1875,198348.819958207
1876,195040.754004409
1877,217065.992454207
1878,195693.813012
1879,131000.721192398
1880,134896.604599517
1881,251790.206722925
1882,253049.373037624
1883,187202.2530067
1884,206271.879335615
1885,237235.585806631
1886,282856.442905581
1887,212083.664662452
1888,268231.870471197
1889,174357.084026908
1890,125525.344849209
1891,125981.300956058
1892,100394.697402436
1893,146141.122547815
1894,129783.617194203
1895,144333.070897462
1896,130129.734930726
1897,113542.314703422
1898,116271.639783118
1899,163401.539637671
1900,159324.254665497
1901,175794.50954474
1902,150126.647469012
1903,222766.205460933
1904,136398.600175841
1905,211420.750799352
1906,168685.675274977
1907,226235.648883159
1908,113026.258767041
1909,130117.221495335
1910,122202.38061286
1911,216732.478237914
1912,342122.979726875
1913,137699.345870652
1914,68267.8412629757
1915,281827.280238646
1916,58526.4129437314
1917,244438.532552446
1918,141368.691013024
1919,178496.648988818
1920,147813.242726588
1921,369090.761261226
1922,306722.25380177
1923,256548.573287556
1924,260915.481660267
1925,198314.019005994
1926,366910.147058289
1927,127852.221880171
1928,148056.70227011
1929,129800.393230331
1930,125485.66623844
1931,138067.195659707
1932,133232.14405771
1933,182452.175304837
1934,183074.341413096
1935,172724.080085149
1936,188675.387554025
1937,176910.452273895
1938,162642.662413267
1939,240256.125005395
1940,189939.66535554
1941,162206.040554947
1942,181932.120650132
1943,209906.080461886
1944,309738.771691356
1945,355265.221489825
1946,142397.758244656
1947,291161.435090068
1948,176957.812568788
1949,238318.556843249
1950,201233.835862981
1951,264420.253785685
1952,229337.345890498
1953,182304.450038248
1954,196556.36439286
1955,137860.235190561
1956,329254.706644549
1957,158954.639898439
1958,301227.054075197
1959,148833.645151806
1960,105574.204900763
1961,121427.548805813
1962,95388.0745107042
1963,105432.034511506
1964,100226.605804369
1965,143778.045269032
1966,132914.265040553
1967,300289.991840704
1968,423912.781920559
1969,371782.934219647
1970,381975.776060629
1971,425777.764004913
1972,364524.546957139
1973,275654.061765188
1974,317111.313602393
1975,498861.369721097
1976,287731.253640245
1977,356238.565082209
1978,327648.64665117
1979,323368.201097214
1980,208284.031085554
1981,353441.436025289
1982,233749.332281593
1983,207595.041241853
1984,186869.144817688
1985,219873.099692234
1986,211594.403557523
1987,186655.890393516
1988,176256.628903008
1989,201160.04308349
1990,213695.915319984
1991,249787.735737839
1992,218179.894226431
1993,169270.376732335
1994,232004.135947418
1995,189677.575473892
1996,263132.012103492
1997,294811.122843726
1998,330179.629561771
1999,265355.115690551
2000,327177.002958554
2001,288041.143862334
2002,231030.386157414
2003,270598.609437558
2004,294046.068165641
2005,216745.544610592
2006,219123.413961095
2007,250281.484800958
2008,217851.962313007
2009,199297.014339736
2010,198411.201577538
2011,141655.065533648
2012,176012.546048981
2013,171206.575649198
2014,182765.039151744
2015,204728.189312391
2016,188623.13727884
2017,192502.517948341
2018,122379.431447916
2019,127948.614869047
2020,100912.414871351
2021,92135.5370568983
2022,203686.789272026
2023,143872.484457377
2024,273017.352685502
2025,345153.342623047
2026,168444.181482154
2027,156576.363797857
2028,154046.546346356
2029,160654.913878065
2030,256605.906373325
2031,231009.47665716
2032,233809.647929099
2033,245903.200745971
2034,165777.269129243
2035,225918.411275777
2036,194448.695098229
2037,199218.777709085
2038,287649.934014024
2039,230674.511533539
2040,271980.688019213
2041,326326.22719317
2042,203051.710203078
2043,185211.803156066
2044,162326.177675595
2045,228566.324185944
2046,153153.509728461
2047,138457.87849729
2048,136469.353176096
2049,143981.213705068
2050,183063.033749027
2051,94676.2439663207
2052,115495.180818196
2053,139189.217422024
2054,91610.7554111686
2055,148573.493430703
2056,144895.46024177
2057,112413.056890814
2058,208924.68823244
2059,128755.986868176
2060,167426.61514503
2061,178299.765036064
2062,128995.798219234
2063,117207.363115889
2064,138040.110045706
2065,118946.397759156
2066,162978.486691625
2067,116895.408985211
2068,146081.259783629
2069,79937.2492365722
2070,121702.837969862
2071,97059.9148575378
2072,131170.817287828
2073,130228.52315224
2074,188519.284836576
2075,144612.504539416
2076,114139.329624053
2077,159185.116948655
2078,118283.775020647
2079,134756.99154492
2080,120801.68106842
2081,126072.3336074
2082,111061.131290598
2083,141017.98407668
2084,111436.284464634
2085,108327.758028904
2086,107271.413917541
2087,123746.185139181
2088,96274.4568104407
2089,82017.4598409516
2090,126843.651918917
2091,109359.448384033
2092,130837.19318902
2093,111490.89283303
2094,110966.9131735
2095,154713.151212909
2096,86782.2072306683
2097,100773.223824136
2098,151261.05788772
2099,53973.0010696473
2100,74327.4939361085
2101,110647.279548792
2102,134009.312071721
2103,104155.860295675
2104,149303.198590371
2105,123768.190858491
2106,63623.0511255089
2107,192802.385925762
2108,115045.009278843
2109,106172.771548989
2110,134025.218535082
2111,135566.706239379
2112,129089.897288971
2113,112558.730812344
2114,125479.192752327
2115,154907.169935049
2116,114575.124359351
2117,144958.15916575
2118,121480.588577681
2119,117563.537745988
2120,114525.386593654
2121,81084.6403968874
2122,118684.741326781
2123,78832.8215050354
2124,156849.252294578
2125,128119.841379828
2126,138405.114087816
2127,173302.674114085
2128,137982.974775608
2129,91299.2370595139
2130,126808.429902523
2131,141380.036497873
2132,110155.528120994
2133,116859.100606447
2134,116042.324945673
2135,81845.6468410969
2136,76005.445205848
2137,100709.079904717
2138,123610.168867436
2139,142913.128002075
2140,135691.091446662
2141,156839.876606574
2142,120902.790310941
2143,147529.94892161
2144,120783.420375512
2145,133162.729963128
2146,170392.38213853
2147,154230.159177333
2148,137048.746152451
2149,152807.057868054
2150,229944.180659937
2151,118629.995609992
2152,176615.147208727
2153,169255.207026581
2154,103911.569943255
2155,146873.029542884
2156,252080.406630366
2157,233392.725852099
2158,226402.049282815
2159,201371.353013845
2160,195872.728534938
2161,242929.707473198
2162,410074.776204294
2163,324053.138070338
2164,236844.166663917
2165,211538.840600323
2166,158072.419170576
2167,220942.850579586
2168,187458.509711301
2169,192242.72468863
2170,214760.931615028
2171,161598.843696597
2172,131754.570316839
2173,186136.852059364
2174,226742.563466467
2175,305699.830114072
2176,306161.590150352
2177,237616.132738298
2178,212659.137323134
2179,136920.519764422
2180,224155.776012524
2181,191581.631590647
2182,224249.60624313
2183,193281.65974991
2184,114165.693988265
2185,117892.72618044
2186,156886.469988163
2187,154683.003632451
2188,152550.32670517
2189,238890.172141829
2190,77755.3585107264
2191,80122.1340632114
2192,87526.0776352468
2193,99173.4777658727
2194,105542.623316092
2195,111946.762005574
2196,98001.1668036557
2197,117627.431269012
2198,171795.671772382
2199,195549.559408425
2200,150153.790385146
2201,141301.664119183
2202,224577.981451033
2203,134723.99984232
2204,175217.624339747
2205,111984.966319583
2206,139736.006884252
2207,201713.67775092
2208,266238.72706537
2209,237036.87663033
2210,118401.42265829
2211,114380.770145317
2212,116877.045854403
2213,99052.566202218
2214,121604.478337278
2215,94272.4165538339
2216,134285.73166564
2217,52688.8682958313
2218,85149.1993764958
2219,76031.6498079609
2220,88308.972547906
2221,287168.048113647
2222,251040.123965176
2223,266913.304766652
2224,196759.538361299
2225,116731.139247151
2226,184488.743991968
2227,211141.396862312
2228,265130.797904421
2229,275388.829889641
2230,155675.977957437
2231,225877.155416125
2232,182134.350377472
2233,186348.699277453
2234,253007.360920153
2235,216166.98352458
2236,283223.579137779
2237,338411.150509522
2238,184642.240621123
2239,109386.548100209
2240,151325.414911213
2241,145211.869811404
2242,121420.274345148
2243,127508.172776544
2244,102998.07280622
2245,98051.7203609491
2246,137368.515175276
2247,115950.052942729
2248,121857.644508334
2249,115003.792435113
2250,122844.387281927
2251,99167.6395913001
2252,186694.616482557
2253,155169.668344299
2254,176718.923147733
2255,183593.712102942
2256,173594.608952724
2257,202624.836668849
2258,158209.255773
2259,178238.403771316
2260,154586.008756879
2261,184815.787797117
2262,217129.238376534
2263,340138.16934689
2264,505593.864532203
2265,168910.411196542
2266,287299.679414196
2267,372403.051481834
2268,386939.785834193
2269,148802.577827956
2270,203620.937529854
2271,224686.354593755
2272,200743.099517951
2273,164708.782308593
2274,188074.580249837
2275,171109.792737477
2276,198158.866010369
2277,188061.876024817
2278,150534.583057077
2279,118753.787547989
2280,118064.538475271
2281,160540.827075256
2282,178591.542737102
2283,105261.875377322
2284,102423.096727347
2285,140342.514535387
2286,119583.146690367
2287,358623.023397821
2288,286973.79434382
2289,372755.950523337
2290,432243.310842158
2291,313282.553241865
2292,408893.337080177
2293,467936.713069297
2294,367500.57022443
2295,515584.909089117
2296,303081.706165226
2297,327825.585870544
2298,323599.558667214
2299,334081.838533299
2300,325829.507483319
2301,301993.880568524
2302,259333.266520637
2303,240537.031529694
2304,263493.40942172
2305,209855.515469959
2306,205028.367344998
2307,212183.161229106
2308,233324.594256466
2309,278903.102947663
2310,225493.603688757
2311,217202.80907212
2312,175729.862475951
2313,170881.278118401
2314,188783.451079704
2315,186237.460773964
2316,209152.596850567
2317,194773.709748104
2318,185251.142464134
2319,193493.256083169
2320,194171.257683402
2321,233309.850354928
2322,186959.500924317
2323,187239.54344922
2324,174441.256515644
2325,220809.964672797
2326,178296.312115391
2327,207308.019212892
2328,226696.320574586
2329,189487.908334392
2330,182789.150719222
2331,351873.918426158
2332,364063.185437602
2333,311257.921183236
2334,254319.170778247
2335,265266.975060624
2336,318318.522568511
2337,209576.446806235
2338,278798.334920071
2339,214015.296512184
2340,412960.948561212
2341,224214.793279677
2342,234940.552691498
2343,230096.397029792
2344,214125.992739425
2345,242296.941772064
2346,210893.007299931
2347,204005.045439546
2348,238761.729837825
2349,170335.253102944
2350,288337.486040548
2351,251843.625822437
2352,249730.298247162
2353,248260.727724136
2354,148356.202756184
2355,150530.276568285
2356,152590.82515961
2357,195133.123674942
2358,191343.122242704
2359,141478.669596445
2360,111825.920078644
2361,141957.42311989
2362,268798.324034185
2363,130141.45466635
2364,156874.517355346
2365,222741.928823881
2366,188912.988779835
2367,217313.874091
2368,214006.997645416
2369,219899.443939581
2370,161858.934129496
2371,158989.410561901
2372,179373.436355358
2373,262369.739547448
2374,296228.429152413
2375,254117.452022937
2376,315952.564479398
2377,356375.930501067
2378,143379.317197848
2379,219763.356616581
2380,151267.232265719
2381,174774.755619864
2382,208787.099119465
2383,208980.010496773
2384,248949.28392045
2385,168443.821544947
2386,140022.895969564
2387,128034.706356845
2388,96074.4540196361
2389,120452.317425899
2390,136309.285950965
2391,141781.34357748
2392,112994.604517586
2393,167513.921713546
2394,132905.730123496
2395,201777.91567917
2396,141293.297692526
2397,223385.125290498
2398,126985.212160143
2399,62598.4614776184
2400,62991.8570428089
2401,110846.576808935
2402,134279.298343273
2403,146855.348430706
2404,148332.467232115
2405,157480.25236009
2406,140754.458418875
2407,123695.415112254
2408,141723.175123841
2409,118906.717753789
2410,165462.656433496
2411,111092.204993652
2412,153347.171735521
2413,127624.631054495
2414,144701.266546864
2415,138363.768535843
2416,122586.863118753
2417,141748.548856292
2418,133318.379284034
2419,124435.031912952
2420,122092.416820336
2421,149037.567313631
2422,109691.932384862
2423,114926.561136655
2424,161142.31207832
2425,181859.960180647
2426,139348.593655422
2427,128183.179806282
2428,178847.365227068
2429,106945.223477379
2430,130915.919378244
2431,111993.450259808
2432,136191.773529004
2433,137993.86982936
2434,128121.278544923
2435,148685.679852293
2436,94879.2381456108
2437,99205.4536918512
2438,118958.423923167
2439,109666.765580082
2440,128902.056919382
2441,99543.9211868435
2442,98144.0232939144
2443,134743.369094009
2444,134782.863374587
2445,96271.8210251002
2446,143518.631953493
2447,189332.19076712
2448,129505.134103043
2449,119178.049091947
2450,148937.074057128
2451,113727.284599007
2452,201560.276241741
2453,89019.7638408942
2454,121574.864103413
2455,123817.32333774
2456,131249.486799621
2457,124275.484124644
2458,125351.524864365
2459,109248.206311071
2460,134001.670903719
2461,124051.994546497
2462,126490.851195288
2463,118058.50944718
2464,176202.541629867
2465,140156.266302637
2466,105491.711759187
2467,122926.246423344
2468,84379.6795863547
2469,80068.2333926337
2470,168749.475977672
2471,203065.97846996
2472,151939.802140675
2473,105310.505147379
2474,68442.3034467545
2475,212220.877692027
2476,112860.22238796
2477,122426.625799206
2478,152967.657829092
2479,98466.2218554988
2480,152921.942181864
2481,122677.892008652
2482,120695.430365647
2483,106055.09403601
2484,124192.539071529
2485,120928.195927874
2486,141501.916959156
2487,170649.81207803
2488,163318.746330088
2489,149168.278566524
2490,140887.230907912
2491,89879.1242104321
2492,202570.536380165
2493,148655.19359208
2494,156858.092398346
2495,92986.6002313973
2496,259737.617250305
2497,157809.143988874
2498,107865.812926381
2499,81304.2845493022
2500,130032.002570594
2501,138930.98915789
2502,148537.135304389
2503,97074.1729783273
2504,193892.279705566
2505,217281.77894993
2506,260911.865435203
2507,290919.393951131
2508,260832.214763599
2509,212176.172709024
2510,220339.26655634
2511,177670.605932159
2512,202195.067234036
2513,226756.643910548
2514,268362.524393979
2515,147877.307840136
2516,176098.722279076
2517,149663.388362725
2518,153109.464366202
2519,220718.114464614
2520,219051.862628383
2521,188500.298663848
2522,223008.123489517
2523,117200.236623002
2524,137159.771052686
2525,149719.628981998
2526,138652.572069705
2527,121616.613733242
2528,128479.574850912
2529,137807.491500261
2530,120860.851589715
2531,247278.511169217
2532,227891.852912566
2533,197805.839408843
2534,239281.81386321
2535,299059.473622105
2536,241623.409461823
2537,232515.102668836
2538,192908.055953087
2539,190316.559133543
2540,188575.926781398
2541,187266.41745516
2542,162930.758545226
2543,120236.993362896
2544,123643.225868156
2545,138147.548134269
2546,137900.392691652
2547,141512.894408917
2548,154221.617539682
2549,159783.743777469
2550,995711.413561336
2551,136274.629879952
2552,134790.208566223
2553,75677.7479715394
2554,98151.8902923485
2555,128319.642983075
2556,102182.496670306
2557,101252.718623381
2558,160501.396802908
2559,142556.270310157
2560,148325.467770007
2561,146568.254542485
2562,135624.834277141
2563,148550.120264277
2564,189626.460430309
2565,129001.318867664
2566,145882.521852287
2567,142585.475053463
2568,218674.016761097
2569,227535.82911918
2570,115694.785423446
2571,173945.93855042
2572,142304.346065789
2573,228240.989502411
2574,274315.737040622
2575,126530.327541281
2576,109745.999755804
2577,114074.757751514
2578,83892.970026987
2579,62063.3760999945
2580,103950.72307188
2581,115635.636875866
2582,116271.684015049
2583,291367.564365713
2584,183854.504104553
2585,177431.524158439
2586,227531.243292116
2587,203451.12558738
2588,141401.684907032
2589,147854.375349347
2590,221637.811270453
2591,245356.264410577
2592,226858.76444624
2593,254886.927847478
2594,195680.455431875
2595,198368.348320914
2596,319866.593169863
2597,182998.310612591
2598,285613.895155597
2599,318276.77818946
2600,138412.527861866
2601,142313.200332276
2602,82931.0891686257
2603,93121.1513026104
2604,88709.6419799946
2605,79425.0007663892
2606,143894.027438071
2607,218122.485457672
2608,209339.134634045
2609,172271.642114353
2610,106151.105717535
2611,112796.485464469
2612,156627.081926841
2613,126882.656186374
2614,116194.800387199
2615,160227.150028068
2616,148904.701717788
2617,180163.852718226
2618,214404.099610002
2619,199538.4988795
2620,190122.666793221
2621,171483.211828772
2622,184504.089132789
2623,250557.04470287
2624,302342.782735861
2625,278645.391357497
2626,176265.975630367
2627,163225.772833254
2628,451645.123705857
2629,475813.266318125
2630,359292.737440004
2631,473923.006867298
2632,385457.805318556
2633,308466.811091142
2634,392896.997373364
2635,165272.992345645
2636,178351.201828256
2637,181751.174455596
2638,268895.599403033
2639,188986.1399545
2640,162499.287041394
2641,103879.014142236
2642,185516.777629069
2643,101096.723497916
2644,117043.397737262
2645,109001.470584698
2646,94171.6918310017
2647,102400.293508206
2648,143475.884115003
2649,151044.846628996
2650,142388.703362703
2651,135433.627547996
2652,395396.174977267
2653,257831.699709228
2654,257210.348186315
2655,391513.780166512
2656,330177.214348272
2657,360541.084326206
2658,299871.460520751
2659,296617.594328003
2660,351861.10903898
2661,360690.882532771
2662,349896.320634478
2663,295913.534966397
2664,267795.686880622
2665,340396.460906018
2666,300564.920466208
2667,174904.905329037
2668,184694.996333826
2669,191274.549830094
2670,280712.562324453
2671,194200.100589507
2672,198532.442050927
2673,206345.268328255
2674,197804.775964864
2675,173412.655709907
2676,196922.530774552
2677,194277.467975931
2678,254956.153538029
2679,269520.324076973
2680,284831.770608385
2681,372720.928634131
2682,318449.675515671
2683,507327.385679737
2684,310793.657791487
2685,343898.177525678
2686,262318.858685
2687,322867.583065538
2688,220014.848849132
2689,206767.656396857
2690,389232.36494131
2691,184806.325793805
2692,141455.212334333
2693,208524.512147401
2694,144559.567306481
2695,197832.413662888
2696,188128.720757553
2697,184751.153706014
2698,185417.091171059
2699,178099.407210418
2700,154817.203525987
2701,150795.608695801
2702,107774.245862422
2703,128057.495875391
2704,136118.970301927
2705,110513.92764138
2706,105712.146175636
2707,120152.381384832
2708,126642.837016292
2709,97803.1249153464
2710,121517.898482651
2711,301813.314914378
2712,369449.634728424
2713,167807.569129416
2714,161041.188324674
2715,165535.978977982
2716,152023.552835946
2717,186605.463880788
2718,217717.751950123
2719,160590.014108573
2720,178904.70985152
2721,124937.953997492
2722,156861.182904569
2723,134385.349334408
2724,114813.829882442
2725,123718.695447958
2726,156984.839857939
2727,186270.575089855
2728,181029.034112086
2729,144721.314156099
2730,145600.724451628
2731,137802.928413307
2732,131117.206265457
2733,165177.459733873
2734,142596.608199256
2735,136999.289548476
2736,141345.933391216
2737,118487.259158362
2738,137306.191478195
2739,153324.887203635
2740,136546.738707499
2741,132468.280931543
2742,148380.554078695
2743,154676.810951231
2744,163765.044061722
2745,143777.373391787
2746,133014.193817885
2747,144224.230493462
2748,122722.561494029
2749,125216.349245434
2750,136467.818717157
2751,133514.975828459
2752,189986.435501973
2753,146313.786840169
2754,229070.645939295
2755,138549.846605422
2756,94374.6070925376
2757,66570.2409740689
2758,94633.6407015994
2759,169108.770810199
2760,115582.628449419
2761,142055.885634716
2762,142869.339277419
2763,187165.614735079
2764,135631.698850026
2765,273273.633744631
2766,139352.028841351
2767,77865.0325178924
2768,126041.334953242
2769,121517.605205661
2770,139736.488186244
2771,103927.399450866
2772,109628.328543897
2773,172962.021358931
2774,148547.203845439
2775,110657.820969331
2776,147842.536845596
2777,159072.897003532
2778,108984.373995164
2779,127663.534472689
2780,99652.0776299552
2781,100583.858478781
2782,94138.6392014845
2783,98242.8480226747
2784,123209.966337232
2785,143796.212865385
2786,70761.138417951
2787,130514.386764375
2788,78609.2667532189
2789,169256.479371341
2790,104006.294535149
2791,110133.746731517
2792,61270.0684800454
2793,146654.764690768
2794,89753.3955664535
2795,114553.150925847
2796,95823.736278919
2797,185172.328860308
2798,95862.0886263819
2799,108700.697806612
2800,64274.4900137028
2801,98233.612589227
2802,126128.905068469
2803,165115.219513343
2804,126970.973003531
2805,95830.149987175
2806,82335.2627571235
2807,163647.810858182
2808,145119.568028131
2809,133055.010574374
2810,122473.796772414
2811,159312.940745586
2812,156421.072370825
2813,154638.044062406
2814,158572.53021983
2815,98807.098068906
2816,261828.481353817
2817,168704.29099307
2818,131749.635469595
2819,179210.626423419
2820,139598.881828646
2821,111022.398618751
2822,197565.133893885
2823,304720.345851168
2824,201511.584878546
2825,134657.876412532
2826,136304.654766635
2827,142379.651433969
2828,196551.780111241
2829,235715.170503528
2830,240533.305633416
2831,174167.510501937
2832,262837.011126046
2833,283651.481121834
2834,223900.674318416
2835,217145.735476987
2836,203518.491452592
2837,168391.594996011
2838,149228.468709635
2839,168352.959113618
2840,209238.24999774
2841,198194.508705905
2842,227659.549485206
2843,153150.455735895
2844,179009.426287908
2845,132432.828825834
2846,211171.900746752
2847,203837.687899554
2848,227136.491660133
2849,202645.654003901
2850,274394.708522515
2851,206342.780709784
2852,233687.68062184
2853,236351.184933006
2854,140398.650047928
2855,205526.080834537
2856,209352.447420728
2857,193820.196484416
2858,219454.536847866
2859,123181.863282726
2860,122391.377996329
2861,123195.002082804
2862,195904.49587239
2863,126804.107430162
2864,226750.83622584
2865,142502.330589146
2866,161723.015271151
2867,102953.908958459
2868,104048.158871032
2869,97759.1661593219
2870,128664.461576417
2871,82631.9940641549
2872,51746.8236118577
2873,105330.364509082
2874,139862.538688002
2875,115742.050248183
2876,163122.339885698
2877,157346.765362446
2878,168650.587155824
2879,140823.34079346
2880,100358.238239592
2881,157598.494905809
2882,165526.685830871
2883,204387.027746556
2884,191353.289645609
2885,178028.522400491
2886,225003.863847005
2887,87305.3070606302
2888,141827.544286133
2889,59656.389346185
2890,76891.5257752129
2891,130152.244558787
2892,50905.8396136827
2893,91576.6852745344
2894,66236.5409198423
2895,308508.606791837
2896,265384.966682235
2897,198861.049877454
2898,155969.746704864
2899,197978.552182403
2900,158683.846865111
2901,200516.360011116
2902,193319.478292697
2903,337232.807805215
2904,360426.753546452
2905,84894.7798574042
2906,193376.772554317
2907,113225.064805367
2908,123807.958621586
2909,156832.242970096
2910,74528.9555043122
2911,82094.4468303823
2912,145828.487350816
2913,81177.7538916755
2914,79372.6709588254
2915,88051.3802540747
2916,82015.2087080223
2917,165220.381900088
2918,114440.603402623
2919,213763.897390124
