"ID","SalePrice"
1461,113867.423257477
1462,157183.688221215
1463,177970.082387337
1464,197784.769637672
1465,189829.913602491
1466,170345.985745526
1467,188953.731947458
1468,163323.13462424
1469,184484.524105629
1470,115126.237879969
1471,187743.27153765
1472,94038.6404558643
1473,92321.2261824322
1474,145415.408495788
1475,114120.754709191
1476,331413.867835611
1477,258385.382008609
1478,269603.512088903
1479,262735.322218962
1480,472257.897172224
1481,317383.399613925
1482,213976.127943283
1483,174063.158401069
1484,159750.6724675
1485,189843.733516268
1486,199426.681862123
1487,305645.324722112
1488,231295.909422645
1489,193071.978926155
1490,225390.623280178
1491,193656.571804617
1492,94884.6099424067
1493,187445.595879148
1494,309552.464737211
1495,291614.072927073
1496,230252.807269734
1497,174262.919121908
1498,160645.63182829
1499,160749.049527586
1500,155239.942018869
1501,176097.092778573
1502,148570.569396259
1503,277892.398917855
1504,229964.11892853
1505,222630.549610586
1506,195955.437313188
1507,243024.522365805
1508,211845.775794924
1509,166315.179959675
1510,141911.550428826
1511,146460.837123364
1512,166768.046990959
1513,133821.496780164
1514,155053.912631166
1515,196130.126583438
1516,158370.857723387
1517,164806.767516824
1518,132416.360389344
1519,211749.985681594
1520,131487.639004818
1521,130648.32496393
1522,175983.502446563
1523,107503.36469955
1524,125811.064280273
1525,123894.530614825
1526,112164.514031179
1527,104836.247125015
1528,146825.094075492
1529,144789.681528207
1530,196081.415522604
1531,119640.854084592
1532,103266.226473746
1533,158930.187320423
1534,121626.782733039
1535,150199.166325142
1536,113861.768010975
1537,63520.6271081702
1538,162097.859047881
1539,201031.815350848
1540,99026.2636230201
1541,143508.984356508
1542,131499.376103066
1543,168177.798856923
1544,81204.721348407
1545,116312.188173604
1546,135543.815867626
1547,131576.318195111
1548,131567.645628689
1549,114807.419561653
1550,128507.640500046
1551,117695.414528892
1552,138941.604066975
1553,143647.51881306
1554,124611.362006458
1555,167954.922350655
1556,97067.3315065106
1557,100856.408663583
1558,103131.365782004
1559,73496.6584009119
1560,143806.565476221
1561,118584.924072299
1562,126857.542521957
1563,115595.158387365
1564,159370.728735198
1565,142841.877337442
1566,252187.841898057
1567,74343.4744541033
1568,254174.859012376
1569,130728.907368347
1570,141642.948908189
1571,127055.43722729
1572,149985.963707706
1573,221238.09648754
1574,120730.180943715
1575,237365.547537555
1576,254943.447148128
1577,179486.547488875
1578,155191.676747762
1579,145905.326913908
1580,190896.475306825
1581,168033.589445094
1582,126466.4084368
1583,310327.411441382
1584,213039.094191119
1585,138947.943159849
1586,63596.7222795495
1587,100922.359105357
1588,155544.464313501
1589,96752.6463324025
1590,138216.265697982
1591,96038.8822965848
1592,114026.452519132
1593,120522.672186556
1594,120415.205614003
1595,105174.598133921
1596,229973.252323388
1597,191853.629748529
1598,209069.184855253
1599,161251.795439645
1600,151297.176340057
1601,60820.6451030951
1602,104928.481757994
1603,86439.2979973848
1604,250287.297219161
1605,229336.12163849
1606,171399.091173478
1607,179527.38443582
1608,215617.809525035
1609,190858.258002045
1610,155796.878562771
1611,133662.4340753
1612,158879.762756684
1613,158408.029524672
1614,120445.852288994
1615,88770.0788348004
1616,78351.1313417911
1617,91921.8065952602
1618,121834.124754695
1619,135885.884975686
1620,155142.898238397
1621,131544.183247344
1622,139222.322165624
1623,263244.580411313
1624,212986.398215485
1625,118694.428454893
1626,175534.552829627
1627,192450.752732104
1628,275511.285449207
1629,177829.568066176
1630,349829.200223992
1631,218923.533630527
1632,237747.332984484
1633,170044.619724024
1634,183977.505386705
1635,174836.120597015
1636,149998.897806636
1637,206468.134031131
1638,185507.205100087
1639,196136.651347196
1640,251808.695224779
1641,189561.241686114
1642,223808.312397925
1643,204782.66521514
1644,227834.249720132
1645,216694.433529851
1646,171135.951669444
1647,161170.937046351
1648,123994.721090481
1649,138874.163624115
1650,109900.277803256
1651,117467.382874786
1652,97485.6164573169
1653,103099.778706167
1654,137860.041030306
1655,139387.195574737
1656,136383.016638649
1657,140553.766752067
1658,138454.565169723
1659,118383.004086076
1660,157716.565680327
1661,409891.379960268
1662,374603.051454642
1663,370229.440892005
1664,482250.582280504
1665,294857.891058147
1666,327200.2185636
1667,353549.241808312
1668,329035.511959155
1669,286922.044388966
1670,332675.577127684
1671,283649.676092009
1672,425790.780520445
1673,295502.338853727
1674,249861.077674247
1675,205829.655432336
1676,205129.663472095
1677,229826.820902367
1678,464160.466961625
1679,363428.127187552
1680,325887.019745395
1681,243960.843616348
1682,307962.146052756
1683,192572.862213269
1684,176566.77774938
1685,176495.171591312
1686,168220.003393861
1687,177970.268531734
1688,197443.417439815
1689,197558.188000614
1690,201195.8730954
1691,189572.387069663
1692,256800.537361441
1693,168918.165106117
1694,181368.125896541
1695,165914.091722391
1696,264783.299040287
1697,177518.347263914
1698,338728.955182594
1699,347339.901022086
1700,258624.20109134
1701,274180.574704982
1702,240341.357090747
1703,238958.396636072
1704,284165.78896732
1705,232359.756904805
1706,395699.736208322
1707,204414.477310908
1708,200926.136991882
1709,260107.189066046
1710,215888.268903884
1711,256268.072667519
1712,256687.951042751
1713,256495.708479912
1714,224173.094761728
1715,198314.886310965
1716,183184.31415071
1717,171612.511467401
1718,135366.812697572
1719,202705.805991161
1720,243139.314958616
1721,165120.267142051
1722,123800.699320835
1723,157072.648101157
1724,205971.414109074
1725,232234.280604061
1726,185277.497602604
1727,154474.867040901
1728,180277.216455252
1729,171764.383236312
1730,161244.002448551
1731,123786.807617189
1732,125732.839264983
1733,109039.665613011
1734,113465.850431037
1735,124608.035067481
1736,111147.211280586
1737,379007.609865963
1738,274859.854820784
1739,254269.113324813
1740,213563.087395348
1741,190629.158768329
1742,167230.678556585
1743,176188.821331526
1744,362580.871054856
1745,209278.724062081
1746,192396.771089555
1747,218880.512199404
1748,220180.210548888
1749,147918.559007592
1750,130605.803247194
1751,255657.975889784
1752,117910.024247321
1753,139102.749770454
1754,200860.595058846
1755,178924.171028007
1756,126136.037870407
1757,118282.92302111
1758,138873.842429949
1759,167167.52120732
1760,155217.442875016
1761,146087.270504571
1762,173249.748685354
1763,175305.009105627
1764,112747.792392349
1765,175380.428280882
1766,194061.192914959
1767,231938.070568013
1768,142469.127759957
1769,172591.765274556
1770,154749.072155432
1771,119707.402119313
1772,139184.253306818
1773,123653.362621518
1774,155567.006794742
1775,144336.112082703
1776,121071.122408248
1777,112097.399425181
1778,136746.907595204
1779,107485.216303234
1780,177090.477700512
1781,125034.42591712
1782,86115.8498714824
1783,142325.847501137
1784,108579.098860695
1785,117013.812497858
1786,158971.564344519
1787,179646.240100442
1788,61536.6587733877
1789,98780.4207244089
1790,82149.7707422216
1791,186105.030881061
1792,156651.00168696
1793,133268.42338389
1794,155530.141519609
1795,134638.168896663
1796,119478.079119994
1797,110385.739064217
1798,116514.018286152
1799,113194.664716425
1800,119216.22488637
1801,124996.787324049
1802,134464.26936627
1803,143059.335588939
1804,136647.738266136
1805,137327.995779987
1806,127687.479281351
1807,139807.729383737
1808,119102.946277556
1809,122016.585319624
1810,127818.481942639
1811,93118.3607775314
1812,99103.7207011538
1813,120756.928665095
1814,92803.9863232265
1815,54398.7659771704
1816,108246.591394212
1817,111061.584107307
1818,154070.116532719
1819,124907.007862876
1820,73217.2628821573
1821,116515.459401284
1822,154115.366109072
1823,54011.7745896277
1824,127006.933811833
1825,126710.508856157
1826,107200.416733213
1827,98471.3478067968
1828,127470.677502097
1829,113613.758704987
1830,152302.533856943
1831,155244.661528881
1832,84063.1052395452
1833,130717.619170365
1834,119664.640226051
1835,124914.863202654
1836,121791.694311879
1837,87998.8757679339
1838,131455.136510481
1839,100972.396240106
1840,132565.11325627
1841,141695.181589718
1842,91277.6471817057
1843,127370.924901933
1844,129955.849234028
1845,140922.546419174
1846,147449.086794392
1847,169775.920802772
1848,51055.7619420035
1849,109289.877374713
1850,117687.747682398
1851,163640.593452626
1852,122220.896176011
1853,126673.069756056
1854,167647.541909355
1855,153458.23230527
1856,224623.024150608
1857,155766.296304705
1858,129549.82733729
1859,115717.171721425
1860,144221.754644287
1861,115524.112491646
1862,302275.674608166
1863,281091.377798525
1864,282091.10061887
1865,319666.85654894
1866,306835.993682625
1867,232109.506524303
1868,293889.532198273
1869,206110.749203885
1870,229083.873217063
1871,232563.985421085
1872,177023.720209492
1873,253327.938462693
1874,155288.609650624
1875,197080.992115941
1876,194900.365565065
1877,216157.626521081
1878,196242.531607404
1879,130131.023779286
1880,134528.651525898
1881,251520.04281381
1882,252298.317666615
1883,185997.295376571
1884,204573.008225009
1885,236597.661667132
1886,282036.638557781
1887,213077.274614337
1888,268256.209022535
1889,175111.883410346
1890,126273.457813339
1891,125914.951325118
1892,100573.92319723
1893,145149.967495179
1894,130994.285036015
1895,143625.455715881
1896,129652.808243496
1897,115175.995916945
1898,117029.722378464
1899,164398.278445583
1900,159876.207292005
1901,174416.985113245
1902,148964.281848906
1903,222746.491882
1904,136786.712056622
1905,211242.352474612
1906,167799.789079034
1907,224662.652336214
1908,112901.192539085
1909,130189.697924905
1910,121972.377631541
1911,215312.149693819
1912,340485.034179691
1913,137745.101948461
1914,68749.7366794627
1915,280041.10201334
1916,58648.9489449451
1917,243032.570243582
1918,141903.948945382
1919,178454.381139607
1920,147392.064292673
1921,369475.825678655
1922,306161.83969248
1923,254182.926490126
1924,263010.434626169
1925,198241.730747732
1926,365229.943239418
1927,127764.741635167
1928,148351.865546228
1929,128970.581243139
1930,125428.029599878
1931,138616.569260901
1932,132569.073329301
1933,183495.122463441
1934,182980.690074156
1935,173419.453815123
1936,187816.522936053
1937,176691.805885596
1938,162928.133757247
1939,238978.990946265
1940,189645.043640489
1941,162777.323519982
1942,180994.81766943
1943,210496.784785704
1944,309700.546264406
1945,354579.059587784
1946,143228.446021603
1947,290761.176922527
1948,177255.438651008
1949,236980.717368365
1950,201491.40811641
1951,263965.557989567
1952,229143.324043204
1953,182642.521947464
1954,194744.185020725
1955,137867.309683658
1956,328897.570437751
1957,157950.014385436
1958,300938.28388617
1959,148727.369508525
1960,105126.947364966
1961,121455.053978003
1962,95602.3876517811
1963,105570.356600674
1964,100405.38068738
1965,143989.5338631
1966,132446.747747376
1967,299768.348750264
1968,423578.786889294
1969,371156.1487873
1970,381546.605777605
1971,424878.70401825
1972,362744.196907201
1973,277245.838704915
1974,316199.887039807
1975,493909.692920326
1976,287591.479266857
1977,354771.75754006
1978,326962.101824547
1979,323001.757344704
1980,208877.511196345
1981,351758.991084987
1982,233619.097122022
1983,207545.947643211
1984,186305.425534364
1985,220791.829723122
1986,211755.16455806
1987,186356.192002342
1988,177286.900920771
1989,201198.635906406
1990,214049.786666871
1991,250018.496555412
1992,218254.481898387
1993,169816.074697298
1994,230440.374620315
1995,189710.565437425
1996,262959.301686755
1997,294646.189461338
1998,328154.661983821
1999,267330.657647338
2000,327153.821556866
2001,289161.497905721
2002,230634.572455232
2003,271223.461919662
2004,294342.256697889
2005,216499.673727336
2006,218528.18829644
2007,251418.526813706
2008,217599.808920824
2009,198720.544535207
2010,198158.845882068
2011,140773.766056105
2012,176706.844760711
2013,170955.643582852
2014,182547.555879915
2015,203960.641052268
2016,188378.992373557
2017,192212.301364104
2018,123087.836275991
2019,128594.3149979
2020,101331.961963997
2021,92998.3220552233
2022,202618.730318616
2023,142721.876820048
2024,271498.754879882
2025,345116.942521635
2026,168054.525322142
2027,156890.766389037
2028,154258.691548652
2029,160281.610668021
2030,255958.95443299
2031,230374.829016229
2032,233430.95281368
2033,245623.620141911
2034,166286.309531341
2035,225004.372783827
2036,194884.888744916
2037,199517.188560312
2038,286032.072588162
2039,228862.621522767
2040,267751.872274805
2041,329289.952953384
2042,202932.409830445
2043,185362.007934194
2044,163030.30713674
2045,229198.768239886
2046,153528.691841493
2047,137856.471162125
2048,137354.853127719
2049,145460.977570959
2050,181103.473073747
2051,95108.5041680219
2052,116371.673609385
2053,139255.75655487
2054,92088.2643688569
2055,146643.011608842
2056,145283.287106598
2057,112365.758212066
2058,210272.713824807
2059,129519.50913316
2060,167298.727100227
2061,177236.322299877
2062,128786.563835161
2063,116718.77138818
2064,137969.376222729
2065,118031.127593077
2066,162783.273819062
2067,117274.139693081
2068,146763.505220383
2069,79029.6811985887
2070,121379.311596649
2071,97746.5470088195
2072,132017.052737054
2073,130591.984513135
2074,188888.991172555
2075,144142.584728079
2076,114625.448860643
2077,158259.490282689
2078,118360.172412136
2079,134181.358826102
2080,120501.141832176
2081,125267.25193411
2082,111431.752170603
2083,139770.02906721
2084,111164.743295415
2085,108357.875078927
2086,107652.392523018
2087,123032.487391628
2088,96178.351341745
2089,82430.7514762936
2090,127225.532766684
2091,109372.533396683
2092,130195.40003214
2093,109479.649872535
2094,111389.480677615
2095,155440.986275097
2096,86625.3125035159
2097,100820.679729047
2098,149693.592008864
2099,54781.0855304961
2100,75980.7503529375
2101,111089.624647982
2102,134731.637123779
2103,104259.700544358
2104,148776.631287332
2105,123698.746818849
2106,64971.4227457288
2107,193476.102846199
2108,114531.793286692
2109,105380.66298541
2110,134002.383247166
2111,135542.587527092
2112,128593.007652627
2113,111786.940802568
2114,125907.361383895
2115,153358.653284505
2116,114877.524813996
2117,144246.490792118
2118,121885.902106528
2119,118042.005510432
2120,115452.930155746
2121,81242.1250240933
2122,118787.296623673
2123,79172.3267057418
2124,155794.575105605
2125,127909.898532067
2126,139249.329121359
2127,173189.925504916
2128,137720.020280128
2129,91736.2180449362
2130,126374.567015431
2131,142018.083687703
2132,110373.432521997
2133,117050.966396264
2134,117370.869739416
2135,82505.7574171744
2136,76469.5853248551
2137,101496.279377366
2138,123759.84139106
2139,143410.634468411
2140,135945.001573376
2141,158186.316621925
2142,121064.723363092
2143,147553.313023377
2144,121899.10327331
2145,134199.925428231
2146,169680.832539812
2147,155721.313182168
2148,136184.353605142
2149,152748.71530916
2150,230576.889837742
2151,118496.48635382
2152,175107.119576261
2153,168627.312147827
2154,103153.925476395
2155,147742.292039941
2156,250347.706512278
2157,234128.711928427
2158,226290.439638394
2159,201493.672832473
2160,196330.760078448
2161,243586.895474673
2162,410168.144823076
2163,325932.558446945
2164,238107.453204337
2165,210833.352124392
2166,157788.685168135
2167,220201.986159629
2168,186237.516868254
2169,191431.553484274
2170,213694.948541374
2171,160547.118717269
2172,131937.727902795
2173,183511.145961054
2174,225838.251660613
2175,305038.780904983
2176,305077.906111326
2177,236934.547727386
2178,212706.365618109
2179,136485.382901084
2180,224179.471784287
2181,190718.474344538
2182,224125.016540426
2183,193203.856295695
2184,114497.06014164
2185,118758.391804913
2186,156644.375343039
2187,155960.854802937
2188,152757.554821057
2189,233365.078814748
2190,77878.4986717715
2191,80030.5360636004
2192,87572.0043409917
2193,99137.7454528816
2194,105886.522404357
2195,111852.690165988
2196,98319.7995964992
2197,117296.393084575
2198,173020.81088426
2199,197870.034654151
2200,150140.618408158
2201,141579.584041091
2202,227145.795513477
2203,136122.403277668
2204,174552.050946818
2205,112216.358644989
2206,139589.037715139
2207,203134.441765793
2208,266728.426451604
2209,235245.335482218
2210,118411.007343697
2211,114840.821910835
2212,116883.916106766
2213,99139.6523876583
2214,120387.166012816
2215,94610.8351493993
2216,133710.202073398
2217,52817.543252951
2218,84938.5836418116
2219,76199.1016038796
2220,89103.1230745692
2221,285856.234791304
2222,249825.364543641
2223,266661.484190999
2224,196574.981202135
2225,116991.371637158
2226,183711.10838974
2227,212076.086867394
2228,265656.022595211
2229,274325.218035686
2230,155282.76518864
2231,224938.817385765
2232,181989.115779621
2233,186820.553816976
2234,253434.121789358
2235,215887.500713376
2236,283630.041519134
2237,337663.369168023
2238,186757.644572383
2239,109000.9558157
2240,150686.164528842
2241,146683.845875399
2242,121106.482859535
2243,127150.706692944
2244,103073.41059359
2245,97996.9551967829
2246,137249.662902644
2247,116355.930881845
2248,121407.154413932
2249,114955.572902981
2250,122653.599113632
2251,100787.30629851
2252,185823.12385311
2253,156098.771947853
2254,176487.631464319
2255,184152.746543548
2256,172993.5674709
2257,201867.805367562
2258,158056.822779158
2259,178320.995571401
2260,155734.918705482
2261,184637.060071118
2262,215253.448389032
2263,339594.722707981
2264,506392.723566257
2265,169326.532261698
2266,286636.59762944
2267,369951.586634324
2268,385119.110901425
2269,148614.57739606
2270,203869.421467917
2271,224535.73913982
2272,200649.122779307
2273,164658.206396122
2274,187087.119775785
2275,172253.960481087
2276,198731.471029321
2277,187625.427413127
2278,149521.3681341
2279,118662.54925593
2280,117007.846049895
2281,160918.075174786
2282,178884.536054375
2283,105458.15580583
2284,102827.912536016
2285,139939.433761452
2286,119817.329185233
2287,358215.578308008
2288,285641.76953882
2289,370998.989107518
2290,429044.79394409
2291,312560.283385497
2292,407885.174551793
2293,466004.914213108
2294,366137.966815848
2295,512578.501081354
2296,300863.725844462
2297,327430.683227405
2298,324473.252039533
2299,333902.655859931
2300,323501.740995154
2301,301971.448898064
2302,258601.10856645
2303,239995.867013535
2304,262283.119738133
2305,209400.436835409
2306,204909.086914024
2307,212773.73401735
2308,233362.634977084
2309,277890.543240049
2310,225255.849099725
2311,217686.00648181
2312,175266.96222648
2313,171105.65754483
2314,187207.249325076
2315,186543.183356414
2316,208049.290283904
2317,193893.38599295
2318,185066.956893891
2319,193322.95521835
2320,193992.93791783
2321,234291.523382041
2322,187624.990552552
2323,187030.398127395
2324,176732.176276559
2325,220483.339343755
2326,179305.370918356
2327,207335.24035032
2328,226004.051750633
2329,189102.730403662
2330,182803.205473092
2331,351414.54215428
2332,359982.22900392
2333,310121.661809608
2334,253635.594857722
2335,265374.602573977
2336,315821.041936065
2337,208313.795760148
2338,277671.527918716
2339,215376.03619554
2340,409007.279189395
2341,224521.009113918
2342,234518.180461474
2343,231068.329681707
2344,213157.807252026
2345,241778.278845809
2346,210544.013667956
2347,203745.705751726
2348,238197.044928021
2349,170514.964696138
2350,288525.78278659
2351,251318.691753991
2352,249429.071055526
2353,248527.560352624
2354,147193.871695801
2355,149711.213007565
2356,152798.428686453
2357,195280.519663575
2358,190464.464970315
2359,141064.259168275
2360,112114.749291913
2361,142525.242912515
2362,266206.95049254
2363,130309.686237521
2364,157200.009639536
2365,223140.567167853
2366,190235.902190052
2367,216868.140399437
2368,214251.094991964
2369,218810.739032924
2370,162097.825116182
2371,157838.026075345
2372,179358.641820136
2373,261128.176570572
2374,296875.886544812
2375,252019.166162466
2376,314911.259486232
2377,351769.039798585
2378,144153.367585466
2379,217928.540910755
2380,151842.102218466
2381,175372.703606937
2382,208697.179760368
2383,208418.935543883
2384,248215.321177217
2385,169650.339571966
2386,140468.060388452
2387,127815.190707369
2388,96640.0661728448
2389,120661.118979175
2390,136929.099596383
2391,142928.950908046
2392,113011.303711469
2393,168311.500049823
2394,133412.282038044
2395,201090.643607898
2396,141921.382593579
2397,222463.338050082
2398,127110.663016549
2399,62668.6136563082
2400,63344.4172088453
2401,110896.043138382
2402,134661.146672543
2403,147564.365325259
2404,149153.149559442
2405,158453.912011344
2406,140585.969813975
2407,123914.804439541
2408,142211.842211313
2409,119573.313745755
2410,164840.843260296
2411,111113.628325246
2412,153230.790799751
2413,127431.094830907
2414,144368.134496701
2415,139253.461979899
2416,121828.367097439
2417,141692.963755054
2418,133437.539201734
2419,124896.496472555
2420,122520.582797891
2421,148429.838997112
2422,109765.415398809
2423,115032.490116012
2424,160588.003117597
2425,182424.114225581
2426,139517.938677674
2427,127706.998894474
2428,178970.143262476
2429,107535.891994089
2430,130777.169390579
2431,112609.149671145
2432,136475.636812438
2433,138271.9190212
2434,128563.144625383
2435,148379.497747336
2436,95390.4225764628
2437,99374.5912077192
2438,120205.964190702
2439,110551.376959763
2440,128689.230374561
2441,99374.3246777457
2442,98489.2594088837
2443,134640.444971849
2444,135288.256928702
2445,95893.3768217807
2446,142474.783206294
2447,191506.40069132
2448,130449.410279231
2449,119138.634805925
2450,148123.050571859
2451,117898.085662098
2452,200156.011331711
2453,88731.9551358483
2454,120543.35602197
2455,124262.568579051
2456,130304.694225534
2457,124127.30328256
2458,125574.77959908
2459,109736.075068337
2460,135020.102718509
2461,124231.115895514
2462,126182.523441214
2463,117933.063908314
2464,174995.585942417
2465,141120.717959281
2466,106515.412230528
2467,123765.221457988
2468,85178.0458647228
2469,80338.0613851322
2470,168769.985119144
2471,203676.279862587
2472,150614.553065916
2473,105729.448698045
2474,69727.9341083311
2475,212601.026039988
2476,112004.416681328
2477,123101.579246174
2478,153304.791212597
2479,99000.7259570494
2480,153990.856189167
2481,123285.034512203
2482,121438.979000772
2483,106484.449963738
2484,124322.283211736
2485,121734.898575947
2486,141532.557395343
2487,171076.651256786
2488,163290.783961302
2489,149009.790134717
2490,141454.73427745
2491,88891.0593915048
2492,201765.248241678
2493,148504.575657014
2494,155718.562796762
2495,91663.6245591894
2496,257060.198571743
2497,156200.37400904
2498,108551.646413107
2499,81354.8625853478
2500,130077.161538626
2501,138672.979541276
2502,147836.789724028
2503,96464.1984207433
2504,192313.817873946
2505,216930.011660521
2506,261375.616140474
2507,289631.8850327
2508,260855.430992341
2509,212169.015570355
2510,221107.290967333
2511,177397.327754755
2512,201510.594642599
2513,226306.843139511
2514,265526.192483006
2515,148301.171332233
2516,176041.966580351
2517,149339.128876335
2518,153047.261708441
2519,220722.177512617
2520,219221.332975068
2521,187786.213905256
2522,223228.661684826
2523,117372.922623906
2524,137887.830273494
2525,150338.402561465
2526,138183.508401988
2527,121778.866166055
2528,127987.713561259
2529,138429.267840539
2530,120899.938382084
2531,248453.26012637
2532,226987.385845209
2533,197517.088421121
2534,239281.350625558
2535,296548.437761402
2536,241172.425933116
2537,232198.112607084
2538,192527.250541765
2539,189865.84797009
2540,188819.632050277
2541,187858.733548267
2542,162654.64933837
2543,121166.116720355
2544,122476.662280823
2545,138885.906942843
2546,137559.561552586
2547,142623.66364207
2548,154022.779691827
2549,159733.289724029
2550,995497.149754874
2551,136166.297421212
2552,134209.195788207
2553,76211.0623851032
2554,98724.9942689128
2555,129077.854440387
2556,102239.94849717
2557,101928.467246424
2558,161773.039772629
2559,142068.413814103
2560,149322.992431748
2561,147471.525923203
2562,135698.589533291
2563,147811.595753861
2564,190788.749739834
2565,129933.612642844
2566,146084.466920004
2567,142421.869937123
2568,217915.788863191
2569,227762.674446905
2570,115484.926470559
2571,173701.576820519
2572,141269.526275174
2573,227730.170717984
2574,268444.29771708
2575,126424.126907537
2576,109668.623433822
2577,113615.256270853
2578,84194.7382668456
2579,62714.2762458735
2580,103989.102249745
2581,116624.595027202
2582,116814.106487541
2583,289116.336245275
2584,183517.161626984
2585,178389.688786333
2586,225001.747354763
2587,202810.760337983
2588,141080.681897641
2589,148036.736443664
2590,222298.106692899
2591,243545.148347592
2592,226028.994619867
2593,253526.423940259
2594,195527.737438644
2595,197031.557415911
2596,318110.721957196
2597,184459.278135497
2598,285815.908886772
2599,318963.509820611
2600,137454.70731799
2601,141566.84941948
2602,83146.2806868753
2603,93368.5428001075
2604,88354.1564848806
2605,80230.4164111654
2606,144229.824234215
2607,219308.849285265
2608,207391.433946806
2609,172431.088440949
2610,106253.576304231
2611,113104.463282859
2612,156217.680045495
2613,126441.324769191
2614,116296.398825317
2615,159507.070733342
2616,149361.552730221
2617,179462.804001543
2618,213316.305919966
2619,200414.766139735
2620,190186.103873351
2621,171246.48504131
2622,184007.850642392
2623,250099.903737675
2624,303483.50496674
2625,277172.701073871
2626,176569.659982077
2627,162259.644360613
2628,449297.538452391
2629,471439.608152024
2630,358560.196435538
2631,472177.464153324
2632,384191.177614648
2633,307974.110409078
2634,392976.989048277
2635,165208.968288802
2636,178480.403780287
2637,182428.112562717
2638,267703.538314094
2639,188563.064798338
2640,161997.569044014
2641,104386.253592354
2642,184115.190825026
2643,101412.608603742
2644,117109.03877191
2645,109312.933030812
2646,94308.3054099319
2647,102663.885097613
2648,143381.210449378
2649,150835.94262465
2650,142312.141161108
2651,135846.400748468
2652,392679.291180631
2653,257383.324127301
2654,257345.576295517
2655,392710.397054544
2656,330272.906603735
2657,357970.096551565
2658,297098.837241186
2659,295778.149657222
2660,351058.401515472
2661,359207.039702339
2662,349267.728592373
2663,296708.185428517
2664,267926.178037529
2665,337356.928615904
2666,299453.925945728
2667,175992.451734372
2668,184884.393319417
2669,191219.488704995
2670,279405.420454122
2671,194421.80385536
2672,199640.173200043
2673,206083.775877097
2674,198281.641447389
2675,174198.264623735
2676,197182.42658046
2677,193908.098346718
2678,254006.81012716
2679,269847.358904981
2680,283768.967855327
2681,370594.554483861
2682,316778.846671191
2683,503043.929263707
2684,310746.937342811
2685,339810.325115955
2686,261650.508130375
2687,320945.112247085
2688,219687.274095694
2689,205694.637802073
2690,388776.894407489
2691,184968.857492239
2692,140461.174486728
2693,208255.918563471
2694,143332.475343192
2695,198201.541689719
2696,188192.013530127
2697,183904.460200699
2698,185837.951214226
2699,177958.150572046
2700,155045.953541011
2701,150811.38240806
2702,108889.27061616
2703,128296.041094711
2704,135996.066324648
2705,110473.847700674
2706,106023.048639365
2707,120764.798361893
2708,126139.313339067
2709,97515.5653430921
2710,121818.218542323
2711,299386.862388344
2712,367024.80069632
2713,168028.043185466
2714,160640.827348909
2715,164217.870213092
2716,151996.251974263
2717,187114.092578984
2718,217274.702794396
2719,161164.044548466
2720,179774.526665828
2721,125346.46796044
2722,156677.155984043
2723,135170.821963967
2724,115913.937905772
2725,124350.021641362
2726,157165.620061007
2727,187537.764051502
2728,181625.480940186
2729,145069.783812167
2730,145065.369585086
2731,138301.778309151
2732,130805.015736331
2733,165052.031606399
2734,147413.104453878
2735,137250.906550631
2736,140615.945066606
2737,117993.65711893
2738,138277.051695169
2739,153939.353424485
2740,136621.298043841
2741,132427.336199802
2742,149121.98692782
2743,155207.53019766
2744,164340.947198327
2745,144609.041978058
2746,132167.39078899
2747,142790.2192487
2748,122892.299030451
2749,125402.523784226
2750,136923.342156395
2751,133195.621619941
2752,190124.115046687
2753,146606.242016365
2754,231681.847073465
2755,138556.750483418
2756,94884.8993016676
2757,67651.5264935169
2758,95136.6865046041
2759,169744.399857705
2760,116976.810386951
2761,142813.582493826
2762,142671.544024289
2763,186781.666816461
2764,135252.249124476
2765,274598.513869224
2766,137635.970289572
2767,78685.1982042366
2768,126380.407991056
2769,121533.394021963
2770,140003.527673948
2771,104201.720915246
2772,110078.547004095
2773,173150.794902887
2774,147207.206876645
2775,110454.340150394
2776,147699.618817844
2777,159440.874951864
2778,109279.897105442
2779,127964.560648225
2780,99477.200861183
2781,100668.824974098
2782,94644.2616945998
2783,98235.2504171957
2784,123534.842367741
2785,143753.357653642
2786,71286.9380477942
2787,129873.455247245
2788,79353.8561794108
2789,168862.324178313
2790,104015.738106837
2791,110382.424444956
2792,61553.0713969116
2793,145910.983605898
2794,90943.6698987679
2795,114389.900840163
2796,95760.1477813437
2797,182782.423567635
2798,96602.4799863962
2799,107620.407205359
2800,64334.8653859527
2801,98956.17026465
2802,126428.794682847
2803,165488.072096434
2804,126716.388867522
2805,96073.5872856247
2806,83165.7589504412
2807,161914.887456667
2808,146030.779815447
2809,132708.858162038
2810,123343.966493869
2811,159380.280928492
2812,157441.836635225
2813,156443.853686123
2814,160107.525001344
2815,98529.1876254901
2816,259582.360037727
2817,168021.785296822
2818,131739.239266502
2819,180149.594335031
2820,139596.972242634
2821,110954.860935916
2822,197473.338425557
2823,299887.645034738
2824,202275.473005682
2825,134626.391339589
2826,136411.620276429
2827,141499.022126031
2828,196194.15226104
2829,237684.67672128
2830,239935.171268626
2831,174924.262104653
2832,261494.512957133
2833,282306.813770682
2834,223204.036400096
2835,218249.210328411
2836,203163.10975659
2837,168989.128588172
2838,148849.592838262
2839,169272.70847494
2840,208220.468284373
2841,197433.259079617
2842,228060.211429002
2843,151989.831007109
2844,178476.97239298
2845,132070.677787712
2846,209818.121459956
2847,203849.045753052
2848,224622.29842205
2849,202067.769538148
2850,273559.477181132
2851,206792.035710464
2852,232826.088719653
2853,236977.234591054
2854,140629.280189996
2855,205381.791787259
2856,208300.989289646
2857,193338.588327804
2858,218395.103038614
2859,123974.714088543
2860,122564.161882151
2861,123351.556569024
2862,196846.596583726
2863,125442.355336215
2864,226739.467099322
2865,142254.823810413
2866,160865.524536676
2867,103193.515912595
2868,105118.713077687
2869,98275.1756535722
2870,129309.981099997
2871,83210.2623163101
2872,52794.8209132625
2873,104280.537885497
2874,139185.278892491
2875,116001.191385446
2876,164352.753272323
2877,156834.158476013
2878,169196.335279218
2879,141368.669044301
2880,100031.454160576
2881,157703.778176006
2882,164389.813928696
2883,204642.652353814
2884,191673.83160475
2885,177467.172915746
2886,223643.081127766
2887,87225.7090432922
2888,142159.231721905
2889,60003.3724464512
2890,77232.0835420663
2891,129510.455010183
2892,51496.5221535099
2893,91293.1681690511
2894,66795.3140186218
2895,305561.07512092
2896,264011.87777793
2897,198152.821377432
2898,157051.170128495
2899,197716.985963999
2900,159502.06443078
2901,199640.199758213
2902,192243.349432184
2903,336003.648553225
2904,361296.005904919
2905,85314.2748304616
2906,194340.761077358
2907,113235.141544349
2908,124385.192559019
2909,157699.137622166
2910,74495.6765143574
2911,82339.3837021567
2912,147159.848694315
2913,81437.6082755248
2914,79235.1566713765
2915,87533.9977644453
2916,82473.9112510416
2917,166907.736721354
2918,114415.781896052
2919,213438.315013195
