"ID","SalePrice"
1461,113865.252385687
1462,156875.953728578
1463,176679.694103529
1464,198130.373975983
1465,188423.011455882
1466,170739.199584793
1467,188169.474931251
1468,163708.874881612
1469,182306.191262527
1470,115041.08463959
1471,187738.565672676
1472,93785.3610654404
1473,91753.8593830471
1474,145137.607690725
1475,111920.766316592
1476,332329.010730374
1477,256279.61379308
1478,268160.843110992
1479,264685.931215184
1480,480862.745385773
1481,315812.642071099
1482,212394.892049637
1483,173466.393677058
1484,160129.822546088
1485,189873.16744164
1486,199070.936476899
1487,302895.318071699
1488,228744.81328971
1489,190815.403399805
1490,225527.341862464
1491,193253.089197495
1492,95063.8084076654
1493,186454.717969644
1494,308086.139833444
1495,287771.527707763
1496,231032.307681147
1497,170112.423173786
1498,160364.577529316
1499,158336.266652657
1500,152736.295464461
1501,177874.538427083
1502,149252.411878019
1503,278905.246228092
1504,229573.761428529
1505,221608.911032114
1506,194816.211435135
1507,241087.984419191
1508,209456.785841817
1509,163678.909086424
1510,142471.310204325
1511,147776.722175527
1512,165123.49193602
1513,132874.793366835
1514,155505.039933803
1515,192164.779546888
1516,158258.444545021
1517,165067.465654965
1518,132615.59513623
1519,211151.213673879
1520,131126.680180709
1521,129910.916337233
1522,175240.678645452
1523,106590.357506511
1524,124240.007611495
1525,123440.074482955
1526,110313.699263085
1527,104046.268928041
1528,145877.869300889
1529,146698.311475651
1530,199553.455375188
1531,120734.603895094
1532,102370.783023947
1533,158538.509805431
1534,119289.518355417
1535,148663.918630435
1536,113206.457738676
1537,64360.5333708775
1538,161247.022048994
1539,195277.581127522
1540,97970.1887272806
1541,142355.882095481
1542,129664.473882477
1543,166898.052441673
1544,80730.4411682267
1545,114791.086462843
1546,135379.937690849
1547,132277.760911362
1548,129322.731370823
1549,114587.628461104
1550,127730.098619862
1551,116669.7830807
1552,138542.637885952
1553,142721.567360437
1554,123096.958570507
1555,167139.114919194
1556,96623.6627174978
1557,98208.6044761087
1558,102898.752776181
1559,72773.3598482513
1560,144998.552646771
1561,116699.939814891
1562,127357.810126712
1563,115387.306234074
1564,158704.634664002
1565,142915.141756574
1566,251024.843505243
1567,74883.1387061028
1568,257248.236421348
1569,133185.844467613
1570,140447.415715151
1571,127970.158398269
1572,150707.487676998
1573,221875.649747091
1574,120059.227648475
1575,237104.967374667
1576,255349.029097095
1577,179743.090613752
1578,152071.914733313
1579,145059.166366024
1580,190686.141365329
1581,168023.075021449
1582,125939.358195453
1583,311645.838927788
1584,213301.062582712
1585,138568.719851787
1586,64454.6109947907
1587,100854.109225972
1588,156490.891351451
1589,96242.4580577632
1590,136973.771296144
1591,97079.3955761812
1592,112998.386209991
1593,121238.395804306
1594,119052.025352817
1595,104828.137715327
1596,228121.669936428
1597,192006.902943786
1598,205206.580964431
1599,160888.705175065
1600,151095.556091378
1601,61673.5485522509
1602,105271.773512619
1603,86620.7728209353
1604,251653.458043094
1605,230004.878579355
1606,170819.530734453
1607,175971.083104988
1608,216026.483818208
1609,189320.516495249
1610,155891.142119796
1611,135804.275620149
1612,159541.624935866
1613,159279.130837834
1614,121436.407492074
1615,88860.6248665557
1616,79489.5411949321
1617,93328.1531136646
1618,121459.400776606
1619,136362.965439872
1620,156483.796058292
1621,130237.210026967
1622,139938.3849096
1623,261086.650704304
1624,215126.750700784
1625,118128.033757984
1626,176117.019937184
1627,193039.254438094
1628,273767.642937322
1629,175524.167850245
1630,348920.650411449
1631,214335.479874351
1632,236867.959870948
1633,169956.791174459
1634,184989.547774933
1635,176008.404424762
1636,149417.932672031
1637,206224.890889309
1638,183670.141957634
1639,194191.938378771
1640,247689.840390409
1641,186880.470364552
1642,225528.113067638
1643,204045.494530611
1644,226971.218069647
1645,216025.459681447
1646,170739.258331814
1647,159066.085673173
1648,124464.924830958
1649,139299.894272996
1650,109760.536872704
1651,117535.871072327
1652,96941.6413683674
1653,102342.371584754
1654,139467.475719116
1655,136659.567396735
1656,135554.624947379
1657,141978.379541717
1658,140536.486555686
1659,118493.640079572
1660,159056.984135466
1661,411588.059261493
1662,367591.490134886
1663,371062.989316952
1664,479150.61430064
1665,295683.603145516
1666,327321.899187445
1667,353213.215638746
1668,333367.701344474
1669,284722.942469582
1670,334195.233613996
1671,285139.972973694
1672,424952.962595007
1673,295729.884610464
1674,247574.112359537
1675,206003.615599326
1676,202145.318677673
1677,230467.741922727
1678,471895.278514838
1679,364972.07659896
1680,322378.504179378
1681,244655.941655509
1682,310072.778126351
1683,192245.388525811
1684,177397.320510859
1685,178207.290515471
1686,168381.937338361
1687,179416.654809735
1688,198267.702148439
1689,197335.895833597
1690,202769.426375685
1691,191168.636397573
1692,255582.261373138
1693,167794.374503013
1694,181320.520497666
1695,165171.571148018
1696,263975.603558565
1697,176478.479210611
1698,336556.470349256
1699,347919.517432856
1700,258358.254411996
1701,272516.217884246
1702,239328.769662015
1703,238395.062722822
1704,282388.877926377
1705,232895.261795703
1706,394547.178768794
1707,202890.020013461
1708,202182.218424549
1709,260943.398716188
1710,215377.031026801
1711,257917.335234468
1712,255965.962862516
1713,258195.613739434
1714,222343.309073653
1715,196519.163318572
1716,182009.904012391
1717,170939.091940864
1718,132831.305334292
1719,203425.290188016
1720,239880.43550269
1721,164056.713712098
1722,122199.429192613
1723,156301.598322564
1724,204120.876617342
1725,231370.895618279
1726,184230.185221172
1727,154624.192266102
1728,179284.128421514
1729,170411.219652155
1730,159532.363268052
1731,123086.562576782
1732,127076.964982382
1733,108632.833077056
1734,113197.906955421
1735,125717.800813537
1736,111535.239988593
1737,375132.333172818
1738,272869.487381649
1739,250043.098066362
1740,213624.953783449
1741,191872.980216732
1742,166684.061356974
1743,177358.024859036
1744,362496.533474588
1745,209895.152661724
1746,185318.608863016
1747,215892.162356878
1748,217017.874151188
1749,148247.627677409
1750,128260.392513095
1751,253646.328909749
1752,117698.484182284
1753,139660.132990165
1754,199850.232183325
1755,177350.417608218
1756,126852.627960197
1757,118196.707423552
1758,139376.939500058
1759,166519.328180365
1760,156486.814736271
1761,147384.602731398
1762,171787.511004632
1763,175973.020793972
1764,112814.748771068
1765,175002.867408801
1766,193695.877297196
1767,230013.618773401
1768,143200.976088343
1769,170579.788788137
1770,156750.025890748
1771,120414.77069572
1772,139459.020506556
1773,124739.137522852
1774,155797.487426923
1775,144622.345780468
1776,119488.134302667
1777,111541.754934661
1778,137488.252466874
1779,108569.847272867
1780,177607.999464558
1781,124173.80474703
1782,86609.7208235139
1783,144347.258188256
1784,110412.677668535
1785,115951.887686869
1786,159013.179545758
1787,177272.383941999
1788,62759.2821317461
1789,98027.765908223
1790,83080.1421660279
1791,188027.03025431
1792,154238.961564099
1793,132292.036201725
1794,158118.8740973
1795,133844.881418328
1796,118442.431701723
1797,110066.812886968
1798,117564.17944774
1799,113242.817696763
1800,119465.104509716
1801,124281.646323226
1802,133456.423143827
1803,142603.460623477
1804,136394.911824824
1805,137758.507218639
1806,126126.17405288
1807,140207.233645288
1808,117243.900642756
1809,121898.845829108
1810,127623.926327612
1811,91905.2610569485
1812,97014.8592742741
1813,119303.960028106
1814,93117.6319539254
1815,54655.6444476188
1816,109005.806861771
1817,111518.132426474
1818,154848.272524801
1819,125764.021059179
1820,74629.1747535864
1821,114501.817593445
1822,153583.231047785
1823,55327.3311670523
1824,125370.423947489
1825,126602.511086089
1826,108888.491052869
1827,97336.7014018156
1828,126969.016248523
1829,113288.020711885
1830,150955.373998314
1831,151559.695778586
1832,85202.3999966941
1833,129333.265785156
1834,121325.037045595
1835,122838.303221686
1836,118865.233338937
1837,89731.8238405056
1838,131084.454680219
1839,100524.741340565
1840,130601.32440833
1841,141420.09574287
1842,90836.921223362
1843,128186.630229285
1844,128546.5892571
1845,140542.068977954
1846,148903.671916164
1847,169367.192965604
1848,51956.0164507092
1849,108264.069159338
1850,117252.23091303
1851,163164.027143962
1852,121560.076420907
1853,127501.237691318
1854,167181.65078294
1855,151751.274381618
1856,226433.297484096
1857,154928.268999138
1858,127074.09592246
1859,114201.9701866
1860,146841.400586374
1861,114578.429800771
1862,300386.872075341
1863,280000.101938343
1864,281730.036433411
1865,322554.179463808
1866,309680.031800965
1867,232359.910078591
1868,293920.061995874
1869,206213.967387022
1870,229190.115315018
1871,233355.5463438
1872,179335.740113994
1873,256493.975843281
1874,155008.033407925
1875,192715.846551299
1876,194148.666845715
1877,213645.860537071
1878,194950.72238736
1879,128491.529962289
1880,133981.654567767
1881,250880.894945777
1882,250340.661486187
1883,183684.947656244
1884,202401.417448315
1885,235292.68710756
1886,280784.320821893
1887,213692.363218317
1888,266905.103169043
1889,176526.084643243
1890,125474.922178577
1891,124195.556886775
1892,101726.000213811
1893,144202.804653486
1894,130282.992931692
1895,142763.723272089
1896,129116.05944405
1897,115015.700796277
1898,118778.554694999
1899,165676.797831056
1900,159345.133090168
1901,173780.437739987
1902,147191.686597008
1903,224842.793110538
1904,137823.83414742
1905,209938.410348494
1906,168935.699534669
1907,219551.7860417
1908,111504.465940731
1909,131172.150314123
1910,120235.994407323
1911,211055.868868196
1912,339294.065317674
1913,140861.16427894
1914,69329.4806594694
1915,281502.729296925
1916,59035.9188166055
1917,244978.429129929
1918,141932.537758861
1919,178023.559718736
1920,145776.108873938
1921,378906.592097759
1922,310480.252194214
1923,252885.982762164
1924,267338.405009488
1925,197854.010466398
1926,370190.726151256
1927,127279.975763956
1928,149022.848092635
1929,127746.642487999
1930,125033.608376418
1931,139803.790394695
1932,132445.254317138
1933,184351.440087936
1934,183244.170727817
1935,174262.752844453
1936,187272.351377832
1937,176966.057226339
1938,163393.488666548
1939,235844.173504216
1940,188796.793592435
1941,162962.194035566
1942,179578.023994534
1943,210930.779023185
1944,311195.202970433
1945,355768.677100844
1946,146276.037228988
1947,291144.620570525
1948,177615.47296669
1949,237781.993613206
1950,201160.340053686
1951,262663.246827351
1952,227316.710406983
1953,183513.461898018
1954,191790.057111719
1955,138082.862167175
1956,326954.886042976
1957,154904.501039218
1958,301118.846678996
1959,149387.034895045
1960,104978.800515699
1961,121753.708561387
1962,94854.5055071649
1963,104946.021224498
1964,99395.6333137833
1965,145559.471360869
1966,129187.670522218
1967,299032.372067867
1968,426917.18217533
1969,373137.266576426
1970,380088.540145352
1971,429154.225393915
1972,365723.332875188
1973,280635.19289233
1974,315877.959877074
1975,495349.751226263
1976,288713.172166202
1977,355586.857306062
1978,325678.542886044
1979,322635.038386337
1980,209818.719933389
1981,351532.400971504
1982,233303.12438816
1983,207048.727864582
1984,184484.72730716
1985,221819.189042883
1986,211053.396545813
1987,187198.811686308
1988,179579.85331196
1989,201828.155011246
1990,214059.487401776
1991,249523.781642075
1992,219378.513199472
1993,169734.063610593
1994,227112.81755957
1995,189526.984742759
1996,263644.280298329
1997,294483.459253996
1998,323839.137140298
1999,271909.354151531
2000,325244.40786882
2001,292113.742396752
2002,228182.496420494
2003,273127.388782124
2004,296527.195872131
2005,215898.64205489
2006,216230.597183131
2007,252358.093236881
2008,219462.446170372
2009,198697.070507185
2010,198825.18953828
2011,138838.128308268
2012,177814.439595132
2013,170037.615875069
2014,182758.803551444
2015,203175.469414857
2016,188215.380406959
2017,192364.716459072
2018,123558.004426441
2019,130653.321029304
2020,99297.4313179097
2021,93080.688184281
2022,201488.708631988
2023,140079.844898752
2024,271864.130437287
2025,346124.176906797
2026,167812.476359426
2027,158190.771091902
2028,154218.206541753
2029,157604.979510798
2030,254444.514032446
2031,228025.2944517
2032,231213.439234598
2033,243775.60070957
2034,163113.207527072
2035,223710.924899557
2036,192595.121919981
2037,198226.75855087
2038,286145.515029601
2039,229090.991901983
2040,266331.459587924
2041,326505.69585808
2042,201849.907414586
2043,185402.544872419
2044,161619.930552777
2045,228553.917203333
2046,152972.022168243
2047,138219.559025844
2048,138861.240066538
2049,145161.602334447
2050,177602.374864179
2051,95154.351307032
2052,117370.154262814
2053,140685.715484673
2054,92316.3791361302
2055,144168.319586102
2056,146296.641130933
2057,111784.463009211
2058,212064.952803016
2059,130507.008516192
2060,168510.694907554
2061,176243.633672666
2062,128278.518075308
2063,116331.267067507
2064,137937.727964191
2065,117043.196446526
2066,160924.997279333
2067,116115.643323348
2068,146549.896265696
2069,76968.364562659
2070,119971.499698921
2071,98914.3856869494
2072,132044.39433803
2073,131130.441657962
2074,188110.964784335
2075,141840.007159011
2076,114975.069717017
2077,161405.396225515
2078,119307.869122648
2079,132608.676880213
2080,120058.740725591
2081,123658.743693721
2082,112014.04422448
2083,138397.845049328
2084,111105.849041086
2085,108837.32091657
2086,106768.868012605
2087,122683.728519651
2088,96719.3798369298
2089,82160.1550661628
2090,126216.73967156
2091,109755.751717502
2092,130681.340846143
2093,108154.851009933
2094,111373.915062158
2095,156383.539762623
2096,85929.761062397
2097,99143.9962750114
2098,148693.56736457
2099,55979.6883134609
2100,74379.6167314375
2101,111225.329532869
2102,132449.119445443
2103,103720.068122227
2104,147683.178416356
2105,123405.568978326
2106,65467.647932061
2107,190390.392396426
2108,112609.437793789
2109,104393.34908218
2110,134893.031142931
2111,135352.789540283
2112,127634.666733182
2113,111500.78150209
2114,124939.910349357
2115,150653.658100537
2116,115944.303323076
2117,141875.600879883
2118,123491.161226618
2119,118663.068077829
2120,117389.452688063
2121,81506.3993903346
2122,120020.442528612
2123,79185.4906220514
2124,152628.401940396
2125,127343.130171178
2126,139423.71308105
2127,169933.064763506
2128,135965.095864829
2129,92255.3613892495
2130,125708.660193766
2131,143747.008838523
2132,110061.661398435
2133,116624.905306163
2134,118554.649277744
2135,83124.3956909892
2136,77599.9643623325
2137,102056.726639386
2138,125691.742157492
2139,143494.626654747
2140,136772.396440505
2141,156122.067258552
2142,121265.651127409
2143,148291.992865266
2144,120448.510756971
2145,136474.160485037
2146,168467.403291753
2147,151397.710106409
2148,134660.442456138
2149,151555.445749615
2150,230107.978009201
2151,118871.07336399
2152,172664.693131014
2153,169771.267695535
2154,101877.043706633
2155,146938.654569703
2156,248074.363821189
2157,234258.251190508
2158,227014.091089603
2159,200692.120710777
2160,196903.592769368
2161,244545.412459675
2162,412566.592384327
2163,328537.924297668
2164,238437.685774415
2165,211093.1016331
2166,157514.33097393
2167,218634.729508988
2168,184243.380644608
2169,189805.188978926
2170,212425.156635651
2171,159472.978645152
2172,130467.987406272
2173,183598.537269706
2174,224498.035994867
2175,304600.843389071
2176,304673.501310028
2177,235801.629629579
2178,212817.633955745
2179,135095.302577177
2180,226111.003769896
2181,188774.832101357
2182,223850.444161677
2183,192901.84916202
2184,114863.619553951
2185,119098.599546097
2186,155980.089598199
2187,157995.108258205
2188,152838.934621408
2189,227099.851570079
2190,77640.1725551938
2191,79415.7867308656
2192,87098.3351328942
2193,99767.8174475902
2194,106364.200794737
2195,112445.274099672
2196,97977.776702092
2197,118652.433601504
2198,174285.545004017
2199,203173.355702358
2200,150907.522977947
2201,140645.768720205
2202,227570.672929201
2203,137039.280981944
2204,175590.943968167
2205,112832.377083595
2206,140226.750820724
2207,204916.128540375
2208,265537.613688168
2209,234897.612032195
2210,117459.514727402
2211,113529.250978614
2212,116000.289098425
2213,99816.1712330642
2214,118904.726646658
2215,95085.2059907276
2216,133366.798445952
2217,53424.5502587448
2218,85911.2129161429
2219,76485.9846131198
2220,90520.2676497313
2221,288355.320154603
2222,253153.324109442
2223,268093.62671338
2224,197627.891609583
2225,116776.086011539
2226,183335.813702074
2227,211972.996371723
2228,268332.738743087
2229,274193.671912469
2230,154011.04909313
2231,225482.225040451
2232,182522.958628716
2233,187050.746484726
2234,253378.206344384
2235,215515.748026438
2236,284821.651669646
2237,337149.387239715
2238,190518.443506175
2239,108705.303820299
2240,148991.409295566
2241,147968.511053094
2242,122286.808581201
2243,128678.285917229
2244,104364.165274636
2245,98431.7485152922
2246,136945.014838022
2247,116972.749474326
2248,120607.972058683
2249,115807.800682756
2250,122959.246430631
2251,100597.594358185
2252,184651.359867439
2253,156820.338327648
2254,174538.592470538
2255,184859.023857289
2256,171985.282662307
2257,199628.718333074
2258,157598.573793344
2259,180063.442586427
2260,154845.81714719
2261,185093.638818287
2262,215174.221189521
2263,340966.182988741
2264,506049.902506134
2265,165245.980083936
2266,287392.129404422
2267,372256.351360731
2268,387377.768214269
2269,148122.900363911
2270,204595.203445281
2271,223021.654725244
2272,200997.59079377
2273,163749.132284565
2274,186384.610451306
2275,173599.237618402
2276,198523.761407328
2277,186381.047368927
2278,148155.849192249
2279,119436.939058887
2280,114739.532403472
2281,161764.036752847
2282,179695.256259283
2283,104724.314923743
2284,102517.267611615
2285,136326.158358183
2286,119336.717508191
2287,358904.274386705
2288,286901.834465798
2289,368454.353411389
2290,432068.933240793
2291,312884.762319271
2292,407599.100072535
2293,464229.299751125
2294,367998.809686849
2295,516895.48134333
2296,298385.862347652
2297,328844.693898352
2298,330648.807807957
2299,333741.583017477
2300,320188.48207001
2301,304941.942670852
2302,257218.63103686
2303,236804.064808834
2304,260829.265040811
2305,205884.138867709
2306,202615.501567779
2307,214497.12594908
2308,230438.464590277
2309,276745.403541053
2310,224438.447529122
2311,218206.839523366
2312,174937.401410255
2313,171516.861857789
2314,185097.465440199
2315,187816.565067514
2316,207736.211762212
2317,193576.1384213
2318,185492.056933879
2319,193754.360981327
2320,192096.811634381
2321,235282.189871493
2322,187873.531750988
2323,187001.468449452
2324,178949.195585968
2325,219035.833692137
2326,180096.933622391
2327,206237.863050096
2328,225159.709316202
2329,188793.491708095
2330,183820.951883882
2331,351745.801674042
2332,354694.643878747
2333,308105.741887579
2334,251821.849279007
2335,264759.955770178
2336,312681.441079043
2337,205589.171082473
2338,275367.649354496
2339,215283.031900744
2340,410500.174871021
2341,224735.450432571
2342,232201.299445579
2343,231384.157549375
2344,212565.635102154
2345,241548.202556575
2346,208407.392084451
2347,202586.985698123
2348,237473.020917999
2349,171799.642290523
2350,294791.504829875
2351,253777.421425685
2352,248838.345891856
2353,249534.365170429
2354,145401.40444044
2355,148095.255651641
2356,152333.224406742
2357,195181.927929464
2358,189977.336846715
2359,141101.804422699
2360,112274.322430995
2361,143096.901099403
2362,263482.623558031
2363,130367.030834901
2364,159620.492853274
2365,223865.255030856
2366,190226.090597794
2367,213445.860247601
2368,213027.924330501
2369,214721.411244448
2370,159953.772794195
2371,154044.622362608
2372,180201.637678108
2373,262762.524314804
2374,297646.497309602
2375,253015.024646567
2376,313327.883626125
2377,349468.709161018
2378,144909.086321073
2379,214911.846820546
2380,151872.647961019
2381,176033.961811394
2382,210678.273043699
2383,206759.528972057
2384,248095.697275426
2385,170701.572655027
2386,140681.858742683
2387,128014.680766648
2388,96180.1450285233
2389,121970.134326315
2390,140064.901652382
2391,143404.450972218
2392,114052.124538906
2393,168599.103056526
2394,133106.677912936
2395,199605.520798386
2396,140269.755192216
2397,222436.456282399
2398,127002.154949085
2399,63030.4265359088
2400,63995.4243332814
2401,110999.381570769
2402,135115.56550681
2403,147894.446158065
2404,147971.704517693
2405,161898.39445029
2406,140358.210795998
2407,123147.379188894
2408,142215.255016073
2409,119204.686654448
2410,164547.046488237
2411,111510.876405691
2412,154040.513635909
2413,126983.564108738
2414,144185.939405884
2415,140319.849332632
2416,121057.994332548
2417,141775.655002219
2418,134045.504999177
2419,124521.136403606
2420,122856.222854405
2421,146744.811779618
2422,109929.424762688
2423,114793.825193871
2424,160523.98192386
2425,182188.284295941
2426,141568.120952251
2427,125647.489517016
2428,177551.480283524
2429,107943.308356096
2430,130479.239397747
2431,113800.145439504
2432,139594.158979863
2433,140487.881023346
2434,130260.03405593
2435,148983.674542755
2436,98238.0066942891
2437,99836.9011246934
2438,122049.283085932
2439,111171.415786361
2440,127687.102272013
2441,97985.9660321639
2442,97673.8990697463
2443,134063.542596475
2444,138431.670624533
2445,95767.7517017717
2446,140447.737246834
2447,189296.350569758
2448,130666.343982414
2449,118756.11829832
2450,145450.320916427
2451,119430.671975098
2452,194952.856910622
2453,87961.2388254622
2454,122260.559296465
2455,125394.80701811
2456,128788.508427425
2457,124201.409719379
2458,125360.073485489
2459,111481.57601419
2460,135360.219502253
2461,123941.089957408
2462,125457.045214541
2463,118900.212097624
2464,172059.731784456
2465,141499.751984127
2466,107091.082806519
2467,124021.013627719
2468,85696.3122939075
2469,79992.4073782884
2470,167096.012982183
2471,201961.810592327
2472,147506.642599628
2473,104944.448444454
2474,69336.0431367314
2475,214008.980848513
2476,109428.373217809
2477,122609.168495922
2478,153297.993397988
2479,98190.3978041651
2480,155203.856449176
2481,123447.16501154
2482,121152.247420312
2483,106563.580765811
2484,124881.970683118
2485,123059.762092417
2486,143269.782980396
2487,174083.306254607
2488,163906.577177351
2489,149272.985084184
2490,142621.556849123
2491,87415.762671295
2492,200856.260890219
2493,150169.503376901
2494,154034.753902775
2495,90044.5537133335
2496,254282.042856458
2497,155291.918258207
2498,110119.523933644
2499,80793.8558462872
2500,130663.786227073
2501,138231.203603758
2502,148067.540310622
2503,95383.6716377853
2504,193379.184736107
2505,217953.828913995
2506,261681.737218136
2507,291489.951614212
2508,260772.686004402
2509,212198.346711805
2510,221160.796585661
2511,177316.754546275
2512,201582.192164982
2513,225625.271890045
2514,266040.012412152
2515,148678.896160148
2516,177106.226822414
2517,148381.507574881
2518,153007.35419754
2519,221575.839058066
2520,219481.265503648
2521,186968.278424298
2522,223313.651316957
2523,117849.208946943
2524,138373.973087779
2525,150352.016408629
2526,138210.8445505
2527,121096.421043631
2528,128583.811747551
2529,141758.692359524
2530,121670.84727532
2531,250116.568064023
2532,225923.721228768
2533,197163.557480515
2534,239748.209984863
2535,291675.171042293
2536,241811.785116231
2537,232423.59399537
2538,192690.954864493
2539,189198.143966912
2540,188696.378172709
2541,189560.948661372
2542,163031.61662102
2543,122323.064633444
2544,121181.081470791
2545,139483.355446506
2546,136459.623604819
2547,143677.910574618
2548,155175.317273773
2549,160643.071239829
2550,1033574.17368765
2551,135102.14327091
2552,134714.355070723
2553,75174.6003059557
2554,97832.7587202719
2555,131221.590292462
2556,102300.395687072
2557,103642.865070986
2558,163615.307394701
2559,140608.013168673
2560,151873.497729746
2561,147293.020173755
2562,135364.131239363
2563,145483.352880167
2564,189908.064642282
2565,132684.116327829
2566,148600.811613881
2567,139826.154396015
2568,216087.300869481
2569,230290.885365544
2570,114000.881944526
2571,173386.051311693
2572,139818.108670308
2573,226468.538123669
2574,264649.84022002
2575,126638.61773482
2576,108499.537566715
2577,111578.638487516
2578,84459.132933513
2579,63298.9109900447
2580,104112.932145035
2581,119021.06544929
2582,117252.437704842
2583,290859.524397986
2584,185026.26017119
2585,179701.508935135
2586,222630.546639704
2587,202413.04747146
2588,138444.800303044
2589,148729.742841308
2590,221811.597269725
2591,241605.764662845
2592,224940.950969558
2593,253306.841264087
2594,194298.566162334
2595,193957.042166091
2596,317074.181407034
2597,184440.613689338
2598,285455.997524547
2599,320244.637975665
2600,134979.877439963
2601,142340.583302904
2602,83589.7910724497
2603,93964.1554211115
2604,89749.2735263272
2605,81255.9499391831
2606,144601.373323771
2607,222094.041737847
2608,204883.425712848
2609,173631.388425049
2610,105392.907126196
2611,112195.293594367
2612,156066.344554766
2613,125801.984334161
2614,116069.622322117
2615,159879.955758719
2616,150687.803357584
2617,180353.057605266
2618,217545.973532118
2619,201000.915859177
2620,191273.395787468
2621,171220.595131542
2622,183930.319507395
2623,250485.884307993
2624,309071.917152218
2625,274590.616353843
2626,176166.990182709
2627,159664.349584214
2628,454215.067502767
2629,474663.310075308
2630,361088.311721469
2631,476402.802241411
2632,387201.504360951
2633,309704.109843124
2634,398025.06276544
2635,165172.070263476
2636,176792.965552217
2637,183675.056751466
2638,265955.080058863
2639,187880.692093249
2640,160823.176500113
2641,104730.1592078
2642,182521.224380743
2643,102428.776994658
2644,118871.161878043
2645,108720.98370851
2646,93895.7410036233
2647,101953.665669003
2648,143335.191553958
2649,151347.69671762
2650,139262.180310715
2651,135764.964127165
2652,391080.651390753
2653,255765.536053733
2654,257744.501145476
2655,400595.065539429
2656,333711.936394456
2657,357529.198529879
2658,299482.620539824
2659,294923.961035494
2660,352839.126029519
2661,356304.074633555
2662,353281.605680435
2663,298974.870335887
2664,268822.997710516
2665,341256.820948335
2666,298212.217522557
2667,177732.65447573
2668,185272.185171742
2669,191593.062808249
2670,278412.926321591
2671,195828.985102593
2672,200236.340967047
2673,204691.090336049
2674,197914.074501823
2675,175005.283479331
2676,198639.167968954
2677,194034.812465821
2678,254935.233646298
2679,269192.248275203
2680,282131.87947265
2681,370124.206936734
2682,316019.288207822
2683,507491.154867522
2684,310461.998031326
2685,337017.536918206
2686,263351.508604924
2687,318461.622653428
2688,218268.728775003
2689,203081.137041686
2690,392135.233114219
2691,185763.439878174
2692,139387.177098856
2693,207537.975499675
2694,141182.573393023
2695,199828.740206877
2696,189186.435434026
2697,182913.184738166
2698,187629.314259537
2699,176893.48594729
2700,155019.594561858
2701,150927.970770787
2702,110128.63092269
2703,127749.326621489
2704,136227.382591369
2705,109830.934043261
2706,105668.606885596
2707,121598.457717241
2708,124988.829721991
2709,96977.7861042457
2710,122421.755055219
2711,303772.618267275
2712,371206.546616714
2713,168159.308927205
2714,158900.207228456
2715,163723.387522398
2716,152934.224453398
2717,188633.528243219
2718,217465.053617136
2719,158789.157657039
2720,179968.02063069
2721,126790.720773708
2722,157521.583477046
2723,136381.254011662
2724,117791.440890972
2725,125087.573932755
2726,157757.915313837
2727,187218.75515746
2728,182671.80001597
2729,146525.811925791
2730,144705.756048314
2731,138158.118958231
2732,132030.162482994
2733,167987.343061372
2734,148737.307721301
2735,138100.86686354
2736,141136.103965595
2737,118054.761273023
2738,138090.083552577
2739,154643.58048419
2740,137621.556270154
2741,133435.873073767
2742,152117.419135211
2743,154971.838988214
2744,166743.913974221
2745,146137.791233737
2746,131430.250069321
2747,142111.981412273
2748,122262.760827728
2749,127371.937730942
2750,137477.229101128
2751,134101.646973713
2752,188964.857911135
2753,146996.003715279
2754,232414.210268976
2755,138265.611926738
2756,95870.1428938743
2757,68329.5112447072
2758,97351.6250084047
2759,170196.205327643
2760,117544.736979631
2761,143936.508670515
2762,141459.695976719
2763,185367.709086165
2764,133303.920731337
2765,277836.251335892
2766,138895.355661246
2767,79998.0887930684
2768,127657.123683665
2769,123077.82854178
2770,139967.116079344
2771,104297.731939443
2772,109950.997153911
2773,174863.754289499
2774,145549.633797215
2775,109861.724672889
2776,147654.207847332
2777,161331.470008665
2778,108352.824605206
2779,126617.456819583
2780,98167.3609515165
2781,100225.974338427
2782,95232.9636612894
2783,98652.7851463157
2784,122314.679998962
2785,142963.87661378
2786,72389.4378826795
2787,127040.175077555
2788,79452.126821868
2789,167292.473459691
2790,105982.211820114
2791,109904.57794569
2792,62480.2048968748
2793,147442.886428337
2794,92896.6176406727
2795,114240.997988785
2796,94712.5991624598
2797,180788.697300845
2798,96940.2734711739
2799,107033.449357489
2800,64048.0357788002
2801,99004.8620708786
2802,126506.525887566
2803,166967.56708031
2804,125591.13497313
2805,96350.0026363655
2806,82696.799960826
2807,159430.728848331
2808,148518.848357846
2809,131800.461370992
2810,123776.972331092
2811,159313.329190237
2812,158754.836539731
2813,156557.852497412
2814,159586.029659319
2815,99137.5586168147
2816,256363.499939791
2817,171455.396795797
2818,132001.109656689
2819,178431.586910596
2820,140524.536809702
2821,113820.283193927
2822,196493.955749778
2823,296557.90152204
2824,203962.223813391
2825,135572.225872466
2826,138043.487218582
2827,139509.531669676
2828,196376.140606119
2829,243805.505822041
2830,240617.957265051
2831,176021.959541566
2832,260812.066516987
2833,281828.488983025
2834,224172.43419534
2835,219321.095083912
2836,204331.891182678
2837,168806.386329779
2838,148475.113761048
2839,170043.260585457
2840,206309.660726082
2841,196982.4638861
2842,229927.718503356
2843,150402.173798669
2844,177347.751778562
2845,131247.35137893
2846,208229.270805325
2847,204423.20820118
2848,225614.431967556
2849,201151.10541869
2850,273223.972439873
2851,208838.894680504
2852,233943.149633413
2853,239147.336878435
2854,140718.976215375
2855,204765.201474902
2856,207705.507330243
2857,193617.387405859
2858,217240.962953261
2859,126478.050057175
2860,121128.565157043
2861,123452.136741073
2862,200397.479727844
2863,123537.580339138
2864,229813.105163719
2865,140249.877844833
2866,158117.361946591
2867,103740.648577162
2868,106915.589843817
2869,99640.1438712356
2870,127665.625272115
2871,83900.0438820718
2872,53680.6622327848
2873,104556.998879709
2874,137138.672567609
2875,116191.799189473
2876,163947.777005099
2877,157180.671458308
2878,167095.964962817
2879,142680.009781592
2880,99680.0893648457
2881,156425.541434711
2882,164994.879822125
2883,207099.979989892
2884,191411.802434486
2885,176619.59512598
2886,223804.509824232
2887,86158.1307300162
2888,142411.200518322
2889,60425.4041239099
2890,77135.5329646358
2891,128033.408908684
2892,52219.5869520121
2893,91706.9324764598
2894,68232.8403469124
2895,307378.889597893
2896,266226.308378375
2897,195677.111718832
2898,155208.932770068
2899,197770.721034474
2900,160752.797435275
2901,198101.427999847
2902,191030.485456483
2903,335132.30444025
2904,364355.256697328
2905,84997.4318998725
2906,197415.385527736
2907,115253.235329048
2908,125347.483419247
2909,156075.492845747
2910,75141.2936707572
2911,83833.9747041093
2912,148722.199587281
2913,80747.8980477333
2914,79164.2308863908
2915,87640.6402987792
2916,83400.8380759677
2917,169160.585834057
2918,114548.602137309
2919,214337.616101037
