"ID","SalePrice"
1461,116895.877105661
1462,159451.951581146
1463,182998.053738704
1464,193112.011743602
1465,191038.488640633
1466,170291.216787733
1467,186104.65186667
1468,162591.836409764
1469,184814.455228393
1470,116981.33426873
1471,188585.963661691
1472,95580.1176943489
1473,93907.419245425
1474,147277.943189365
1475,115562.436173545
1476,350055.682031771
1477,254357.105126075
1478,268520.953185223
1479,261642.216562
1480,489171.34148732
1481,332669.362860953
1482,210667.093276701
1483,172471.863089505
1484,159775.123066186
1485,187885.581002809
1486,199456.375273702
1487,312318.840268597
1488,233055.276084558
1489,194945.710086536
1490,221012.231717643
1491,190829.141325641
1492,93883.9718238639
1493,187342.849055688
1494,309684.667846582
1495,296163.155410313
1496,232327.348141583
1497,176661.711296753
1498,161146.729566355
1499,160374.249418045
1500,153382.222566927
1501,175711.391172983
1502,150143.512513419
1503,283715.725679038
1504,235829.990871342
1505,221025.616728787
1506,200953.436785251
1507,241459.95409265
1508,213692.149658303
1509,164877.312232351
1510,143940.052029646
1511,145565.568306276
1512,170681.857646982
1513,135168.596261775
1514,156809.705605779
1515,192204.800008017
1516,156665.672862889
1517,160342.058338902
1518,134089.577481412
1519,209911.038636583
1520,132456.244941791
1521,131965.673793415
1522,175129.287795343
1523,110386.421448983
1524,126720.450520135
1525,124040.35387804
1526,115108.379200383
1527,103457.714325631
1528,143023.578620364
1529,146339.660243601
1530,189133.960494571
1531,118100.572329406
1532,105837.426059233
1533,156836.076812699
1534,118829.178163567
1535,153320.545004522
1536,117532.722858032
1537,61813.9381379846
1538,166214.035864755
1539,200996.757660053
1540,95571.2384586482
1541,145196.174198129
1542,135440.902563746
1543,177336.044902642
1544,78804.5275192471
1545,115848.343628027
1546,133010.88234925
1547,131618.73982325
1548,131827.909273693
1549,113383.875151762
1550,128869.584405476
1551,120241.48035203
1552,140052.80308874
1553,144099.121467291
1554,122504.878632469
1555,170738.75609778
1556,96840.8885622457
1557,102909.511476074
1558,102844.277206054
1559,78894.5107355824
1560,142246.775290359
1561,126062.602072482
1562,126705.659970414
1563,116724.437533182
1564,156549.190938932
1565,142081.801425111
1566,248639.763909277
1567,74517.2426835857
1568,250450.473103953
1569,130892.139947933
1570,140396.143756969
1571,125917.226018053
1572,148297.55820819
1573,214351.435131764
1574,113994.602375253
1575,231479.012880936
1576,243154.048080357
1577,179941.355434657
1578,156221.044006626
1579,145628.652880469
1580,193145.918277906
1581,165507.670965626
1582,129703.973058647
1583,312699.57216968
1584,215191.578819363
1585,140321.946708596
1586,64489.7635338336
1587,101463.138432346
1588,152850.56949953
1589,98523.8039725696
1590,137827.561784823
1591,98780.5942003893
1592,117714.26942069
1593,120091.764322939
1594,120341.949915734
1595,103358.174689265
1596,234864.099525686
1597,191101.330037539
1598,206974.257389215
1599,160805.441822726
1600,152599.425952345
1601,60878.7131652853
1602,103256.643842615
1603,84780.9242493464
1604,258372.733189991
1605,227632.934729809
1606,170156.698521555
1607,174534.849648477
1608,213198.400111391
1609,186082.735418046
1610,156211.500384037
1611,132850.203700157
1612,157798.917640914
1613,154229.240970221
1614,121720.930248039
1615,91916.1184144171
1616,76195.6259247968
1617,92634.4278261705
1618,121045.382908295
1619,134658.287544856
1620,152469.529198899
1621,131111.127651749
1622,140366.661576025
1623,266517.998526364
1624,207841.028513652
1625,120719.412081299
1626,170659.361332494
1627,189029.619086183
1628,273296.880027215
1629,175587.561115769
1630,352216.70833951
1631,218710.527498742
1632,242616.97524771
1633,169794.432518459
1634,186592.336918808
1635,175229.26335635
1636,151641.210965818
1637,207337.450387958
1638,189884.968539585
1639,192964.224708255
1640,261649.323825548
1641,186999.672973364
1642,224924.794399987
1643,214576.752129028
1644,229515.44819883
1645,209117.629405447
1646,169936.403732352
1647,160864.652945829
1648,127160.928147459
1649,138793.463769369
1650,110523.389462436
1651,117186.934370789
1652,98842.0737278584
1653,103468.505387162
1654,140945.374490445
1655,144598.118832568
1656,139974.023509378
1657,142005.407126391
1658,140749.842131807
1659,121394.970668629
1660,153203.740557325
1661,417797.971229105
1662,391396.093539276
1663,376102.846528095
1664,480491.329773685
1665,294621.124552502
1666,327673.889551981
1667,353144.459972684
1668,330387.137403945
1669,290961.993445054
1670,338652.982728128
1671,281982.225358853
1672,431989.902410335
1673,297014.847800213
1674,246588.838224207
1675,197863.39184193
1676,201154.095601201
1677,225825.214750388
1678,480547.270152961
1679,373039.500637153
1680,335888.942677358
1681,240916.425832443
1682,311408.982063121
1683,187534.366753347
1684,176963.696682378
1685,173861.140017099
1686,167213.787874456
1687,177304.060279604
1688,196167.163961371
1689,194212.678303922
1690,197065.509877059
1691,185059.334100629
1692,252380.066902792
1693,169568.307137978
1694,181253.816159148
1695,167933.635760774
1696,271752.338708557
1697,175962.644444091
1698,345361.49384022
1699,348525.484999212
1700,260295.729554195
1701,277258.122243942
1702,242129.885185967
1703,246766.961966783
1704,286937.161844403
1705,229081.46040579
1706,419508.093002305
1707,204013.246698098
1708,199392.854332255
1709,262350.977220496
1710,219328.982162031
1711,254907.161042088
1712,255438.15935661
1713,260157.806855698
1714,229776.657838566
1715,201699.864045375
1716,182766.507663836
1717,171477.868520963
1718,138613.326043531
1719,202716.000437849
1720,246938.348510192
1721,165657.180383657
1722,127306.287434059
1723,158504.046513336
1724,203242.928280151
1725,236474.529209098
1726,186737.993855376
1727,158886.238060451
1728,185164.649145016
1729,172847.6804391
1730,157851.996596488
1731,125102.008773238
1732,126780.381439129
1733,108559.5983857
1734,115943.881964711
1735,127911.596782384
1736,115588.717586401
1737,372295.190212785
1738,261293.370910157
1739,254896.174869188
1740,212589.16073305
1741,187886.758297897
1742,169404.95785622
1743,176627.04945434
1744,348370.573880693
1745,214972.327277523
1746,198462.131228589
1747,224538.503088178
1748,231047.807377104
1749,153187.288085593
1750,134374.609002188
1751,252349.844772571
1752,121013.298413364
1753,141303.128069478
1754,196128.72379927
1755,178386.505903303
1756,127708.595765762
1757,119411.777764409
1758,140885.348119144
1759,166267.344290318
1760,157574.084367131
1761,145440.894915246
1762,172961.493137881
1763,169394.529434463
1764,116759.132074634
1765,176489.919797513
1766,188666.039606089
1767,223567.22839485
1768,143544.202581662
1769,174662.003759366
1770,151485.376510658
1771,122570.532957533
1772,139923.166799892
1773,124270.717628107
1774,149769.771330215
1775,142430.040471479
1776,119756.608442636
1777,112697.10596275
1778,136551.710380142
1779,111326.279349715
1780,176625.752908998
1781,127429.142356006
1782,84417.1451242992
1783,140346.592415417
1784,109548.099458666
1785,118821.320411711
1786,153400.53046318
1787,174483.867687628
1788,58418.9963732556
1789,100883.382928647
1790,77704.1469571295
1791,185984.484345743
1792,157431.273280318
1793,132375.88291726
1794,151956.791121885
1795,134075.753714354
1796,119144.88242674
1797,113303.477506763
1798,118744.62826507
1799,112008.67234198
1800,121941.634985451
1801,128431.79833081
1802,134408.011672311
1803,144996.702836145
1804,136314.75903822
1805,136651.824412653
1806,124930.993018959
1807,139077.17631959
1808,116755.019995761
1809,121582.705515525
1810,129626.80720926
1811,94544.5774648942
1812,98694.1404359337
1813,122481.622564584
1814,92634.0021776481
1815,54219.1920241904
1816,106730.302972678
1817,109903.729049362
1818,155869.011513318
1819,124309.841249357
1820,71413.4558279045
1821,114009.544347462
1822,151326.42429779
1823,51472.3764155451
1824,124569.599120618
1825,124350.16194882
1826,105581.166865226
1827,102532.709704494
1828,127628.042194849
1829,111913.757344841
1830,149043.619630511
1831,158319.173030456
1832,84032.2791716397
1833,136533.271005199
1834,121350.567564499
1835,128951.950581297
1836,121241.675643697
1837,83032.5173317333
1838,134015.045590233
1839,99406.7378805011
1840,143691.2851032
1841,145493.727472977
1842,86645.1312677474
1843,128897.559557026
1844,134424.096716313
1845,140433.67309482
1846,149574.505952143
1847,168244.033747723
1848,52601.6618858859
1849,106914.170272758
1850,119393.788397675
1851,160732.665217997
1852,125601.434262259
1853,128951.431363241
1854,173262.709563439
1855,153817.837581233
1856,224582.951668067
1857,153634.226188464
1858,133751.06489277
1859,116539.344883143
1860,145240.428758271
1861,116373.715844714
1862,295583.653275995
1863,279787.614834394
1864,280500.849419116
1865,316825.375112806
1866,315708.844173443
1867,230688.421597803
1868,295111.675201297
1869,206706.376244
1870,229705.951070156
1871,234274.666171731
1872,172579.202920497
1873,249199.785779995
1874,151188.954327364
1875,200545.956815783
1876,194921.622906116
1877,214770.900458562
1878,193696.807706263
1879,130332.218117007
1880,136960.33246595
1881,248745.924080373
1882,251647.902187781
1883,190327.109823643
1884,203957.39230379
1885,241795.543082493
1886,287103.4611339
1887,210610.48627434
1888,263190.298785795
1889,168615.709545817
1890,125469.258897594
1891,128913.956808288
1892,103797.880219924
1893,140398.586994039
1894,129970.071511435
1895,141003.09571111
1896,128654.524693683
1897,111604.064141408
1898,111651.273218945
1899,165974.987505032
1900,159670.36054898
1901,175550.330309648
1902,150520.831041891
1903,225501.075437017
1904,140417.397761476
1905,210616.524197506
1906,167653.474077025
1907,222204.236267809
1908,109040.381630014
1909,131970.877712611
1910,119817.068994828
1911,212858.615771191
1912,338540.215847801
1913,138931.757903824
1914,65491.4309295604
1915,290676.078738416
1916,59822.7049326315
1917,241900.524077922
1918,138833.159271419
1919,175266.474773362
1920,147208.490715387
1921,393371.261974869
1922,310128.920543095
1923,244212.982990484
1924,258471.031457857
1925,199412.680752503
1926,373849.389592904
1927,128419.382382217
1928,149416.83632244
1929,125433.361922954
1930,127336.754961574
1931,137387.471007809
1932,130647.674994346
1933,177993.058509191
1934,181590.021448397
1935,170643.31205111
1936,185265.305236705
1937,177420.181620498
1938,166038.05910954
1939,236003.436252494
1940,190502.248773126
1941,166028.656105059
1942,183455.605111628
1943,208538.566839015
1944,315095.245682311
1945,366343.695611089
1946,140762.946567575
1947,312075.721485455
1948,176026.962391609
1949,238695.756233438
1950,198696.857877644
1951,261889.241886207
1952,235912.414428206
1953,181771.434328839
1954,190736.728952607
1955,138234.502870846
1956,325769.721632952
1957,159152.206913483
1958,304242.378994951
1959,144216.806346873
1960,107259.03528791
1961,121832.879356941
1962,96566.9871076921
1963,104253.912107583
1964,105065.171323294
1965,146051.279898069
1966,137117.334990583
1967,298039.941294888
1968,426303.572002457
1969,394155.993951317
1970,404303.637927102
1971,440516.243603913
1972,364018.688032127
1973,271780.275831053
1974,313438.286485275
1975,496163.395518682
1976,281366.419322481
1977,356001.049207878
1978,336749.133509811
1979,331287.797945354
1980,205314.926204495
1981,355321.042931435
1982,229835.8399427
1983,206243.349893534
1984,181755.234369841
1985,220146.37475964
1986,212387.836333788
1987,183578.969626482
1988,175582.728580669
1989,201635.024690005
1990,210892.109140356
1991,248257.16141467
1992,214620.121263693
1993,171498.60484574
1994,235143.705753179
1995,188679.502882304
1996,259929.711427372
1997,301130.689471035
1998,329111.592469214
1999,261564.645437727
2000,322995.081088553
2001,279251.833094982
2002,231900.579912676
2003,268810.786561615
2004,290870.871628013
2005,217173.64163393
2006,220166.960644669
2007,251773.554453292
2008,216159.210978417
2009,195730.794507132
2010,198112.120786936
2011,139865.637740914
2012,175967.855946462
2013,172014.263029947
2014,184389.036338871
2015,204631.213945452
2016,188365.201714809
2017,194748.223830402
2018,124997.222823435
2019,129467.576558996
2020,102982.900345711
2021,99945.6274931115
2022,197679.262324554
2023,143402.156635329
2024,265828.101688462
2025,366769.090795967
2026,169676.47268763
2027,155848.965770456
2028,152380.714108537
2029,160819.184996419
2030,260923.017012937
2031,233978.86072965
2032,238652.165536578
2033,258132.926746443
2034,165168.778748385
2035,225564.144470694
2036,192666.657546364
2037,197894.746709726
2038,292120.717217102
2039,229672.926902445
2040,283177.843727618
2041,313014.26181863
2042,202490.363509857
2043,183336.910234549
2044,169075.39868472
2045,233356.968235639
2046,155606.588014841
2047,139794.813519291
2048,136514.634021827
2049,141835.494830498
2050,185837.675940393
2051,97096.104289732
2052,120942.281353095
2053,140065.622155033
2054,90395.4311815997
2055,149799.03576647
2056,143104.969672394
2057,117313.183859251
2058,213329.948603428
2059,130001.610180904
2060,165832.86843502
2061,177033.641862913
2062,130874.921755446
2063,115235.294896238
2064,139898.798027175
2065,118655.10509387
2066,161902.693421121
2067,113563.078173438
2068,144910.410181392
2069,81498.2763243743
2070,119667.214331465
2071,98179.0949138669
2072,130965.278000801
2073,134315.153481492
2074,190712.801754192
2075,144298.715751964
2076,115892.94404369
2077,156228.976019348
2078,121183.060886483
2079,134632.051103621
2080,121173.8569339
2081,126317.13180438
2082,117838.111651611
2083,140514.844600244
2084,112018.153915973
2085,112836.010778008
2086,106026.440938169
2087,125086.441010763
2088,96752.7044634871
2089,81286.1851834174
2090,128693.324146831
2091,112450.13857134
2092,126224.240188481
2093,112142.145630465
2094,116168.392978612
2095,151394.127336892
2096,85686.8674085195
2097,101903.461885543
2098,147029.318258742
2099,52985.1938811428
2100,74975.9740732367
2101,111241.78715645
2102,133904.217028501
2103,103258.621326962
2104,141473.428586337
2105,124150.984878437
2106,66452.7571133872
2107,204309.871341362
2108,115273.84856796
2109,107140.539205395
2110,132708.022322146
2111,139748.037081929
2112,128329.466257707
2113,112782.165103818
2114,119847.540394585
2115,152923.483813167
2116,115811.668402223
2117,143389.169337798
2118,120745.743801359
2119,114356.58846306
2120,114258.855230413
2121,84136.0616003908
2122,116257.986173403
2123,81664.6086692009
2124,154978.736083038
2125,127341.422752211
2126,136343.829791007
2127,169817.105355276
2128,131875.0919387
2129,93556.9562742474
2130,126326.313671214
2131,141801.372616149
2132,112539.468104054
2133,121410.140736946
2134,118586.896382196
2135,86350.0802581605
2136,74788.8089039149
2137,107073.651327146
2138,126011.985756034
2139,145160.410875112
2140,135791.130909357
2141,152017.416265103
2142,122891.634771163
2143,147339.958699679
2144,118581.760339412
2145,134344.995721848
2146,169679.249604014
2147,150760.096402934
2148,135994.786469759
2149,149196.150852845
2150,229587.233523878
2151,113214.190614345
2152,167648.997284487
2153,166213.978761495
2154,101531.172183255
2155,143385.678394367
2156,252251.115324121
2157,232469.365819155
2158,231737.69013935
2159,201329.142704563
2160,185998.843820418
2161,244028.59914543
2162,411291.724926051
2163,336976.471321293
2164,237494.981108201
2165,208757.316149689
2166,153757.417741881
2167,220900.420772323
2168,190777.907675091
2169,190167.103031179
2170,215474.088775379
2171,158829.120361826
2172,133413.95086599
2173,181763.123075363
2174,228579.359897391
2175,310797.718572422
2176,310872.18288229
2177,239776.759078173
2178,213485.756542354
2179,138844.300435292
2180,229658.31494755
2181,189783.209354811
2182,224739.450391003
2183,192820.884547816
2184,119202.097396585
2185,119795.105097325
2186,151064.707043409
2187,153192.248849666
2188,151618.967832759
2189,236524.489637015
2190,77650.9366563776
2191,81759.4189117651
2192,88104.1964054748
2193,98961.709693427
2194,102963.314607028
2195,113039.631325533
2196,98586.4892391859
2197,117726.487338993
2198,170881.122840078
2199,193592.122562769
2200,146828.352540193
2201,141588.335818896
2202,222238.146521829
2203,134989.045403895
2204,173422.363210674
2205,118644.976963074
2206,146922.768116675
2207,204142.292670656
2208,263084.287917169
2209,231037.379817913
2210,117041.829494834
2211,114487.755473665
2212,115764.180511894
2213,100163.409044528
2214,120533.238133769
2215,97538.7257667232
2216,135770.624835186
2217,53086.1105191402
2218,81783.3457533282
2219,75192.9168461299
2220,84683.7009238329
2221,295093.653226799
2222,250598.953389663
2223,265786.050899609
2224,194153.726853106
2225,116687.063353237
2226,181414.341215427
2227,210444.736144722
2228,268806.8147057
2229,273689.385807287
2230,156919.361698163
2231,220734.67036407
2232,183944.486692418
2233,181593.941774382
2234,246657.534975451
2235,216134.963057076
2236,291239.510799839
2237,345680.892589015
2238,192293.0178628
2239,110349.488671655
2240,153194.789545642
2241,145542.842928697
2242,122269.193830043
2243,123525.645254505
2244,104528.713470401
2245,98839.1403121831
2246,137995.447803381
2247,116352.22652955
2248,122167.348383246
2249,116872.059030765
2250,123810.136165921
2251,96086.5556414661
2252,179629.950546942
2253,154792.498006884
2254,173812.525971528
2255,188831.226364149
2256,175595.32787102
2257,205494.904985719
2258,161902.104450396
2259,176264.184504553
2260,150419.191195687
2261,187039.786991058
2262,213271.6682224
2263,336749.200989044
2264,499715.206426196
2265,167802.678064786
2266,295102.85920338
2267,366241.43143316
2268,391987.913397254
2269,149449.415712038
2270,200490.493957398
2271,225218.409055164
2272,201563.676778809
2273,165076.06402535
2274,186656.777460845
2275,171636.848577099
2276,204318.388859019
2277,188059.748144449
2278,148861.737852253
2279,119460.064312341
2280,113600.84853739
2281,158402.215003771
2282,176832.548667951
2283,104289.075752114
2284,104184.202336638
2285,140743.782852576
2286,121468.362928565
2287,362505.603022619
2288,275825.875345707
2289,386543.960662231
2290,453242.601861501
2291,314197.681996759
2292,414774.606367215
2293,473456.801535359
2294,387504.77465989
2295,501088.239418389
2296,306849.320127598
2297,324017.667221393
2298,335865.323285382
2299,339423.832044453
2300,324084.958706966
2301,295295.447003621
2302,254123.374335967
2303,244475.600726323
2304,257933.357507258
2305,204302.87259585
2306,199989.304588717
2307,204752.623114646
2308,230072.614298282
2309,277542.197762946
2310,220208.238507615
2311,211160.982191267
2312,169891.002538605
2313,172604.163666351
2314,181243.780102012
2315,180616.596211958
2316,199884.580167457
2317,192559.212394979
2318,181677.369663634
2319,187695.728585285
2320,189106.612099622
2321,235405.142802585
2322,180109.877712725
2323,185801.076312314
2324,175314.64527534
2325,219164.44941311
2326,175941.671132191
2327,204905.452242317
2328,223460.513735388
2329,190048.683099552
2330,183786.653946619
2331,350899.550866097
2332,373083.901679474
2333,320735.712999223
2334,252296.562637912
2335,267769.952029384
2336,321421.218074425
2337,211755.347713743
2338,282238.569021352
2339,216598.892759989
2340,406733.871389457
2341,235126.201432203
2342,235943.9744442
2343,229012.654758472
2344,217052.98573141
2345,244807.469171937
2346,214455.070206489
2347,207114.929191589
2348,239044.885753173
2349,170216.089575575
2350,289263.243546035
2351,255457.41260325
2352,252445.154869173
2353,244767.301430091
2354,147097.446448032
2355,149773.012657284
2356,153511.003559314
2357,194290.108581187
2358,190567.753843235
2359,139999.613474816
2360,114610.806027641
2361,143932.659115783
2362,272724.531324929
2363,135216.434213147
2364,156432.585625979
2365,222777.457764382
2366,192947.61251558
2367,225472.452455882
2368,218598.985435045
2369,224950.500104716
2370,162006.250798759
2371,161946.880398211
2372,185891.540286646
2373,263944.385131893
2374,301491.116618479
2375,249966.610720262
2376,314848.764817736
2377,351343.410150183
2378,146290.413857081
2379,217661.525935319
2380,152438.801956777
2381,178549.011821054
2382,206092.667989168
2383,209166.63402461
2384,245106.476950663
2385,171829.933722044
2386,142791.037337189
2387,130075.477656344
2388,96566.1868656552
2389,121790.067587678
2390,139427.64165231
2391,141525.612603571
2392,112683.98192573
2393,167686.999536732
2394,135041.168126648
2395,198806.128149838
2396,144855.264701464
2397,217166.389492
2398,127856.217713896
2399,59080.5349379977
2400,62614.5563913984
2401,110551.641206387
2402,136901.00584411
2403,143788.269567402
2404,148575.6639817
2405,155341.232081463
2406,140236.109247216
2407,125240.007272268
2408,141242.82787008
2409,118999.426824391
2410,164378.1214225
2411,114610.798776578
2412,154339.541099666
2413,129038.162821347
2414,141541.993554632
2415,137796.063727567
2416,123039.532021237
2417,141466.107109033
2418,132143.207441026
2419,120845.028346569
2420,121902.658621359
2421,144513.594366977
2422,108704.380981519
2423,117512.830369266
2424,159936.32755615
2425,179890.675514964
2426,134466.610192984
2427,128073.851168877
2428,177470.974920874
2429,109568.707267239
2430,130889.064030059
2431,108473.443803086
2432,136591.471863065
2433,139605.11554063
2434,132581.368659141
2435,145536.875692159
2436,99734.55057888
2437,104738.811939693
2438,119473.389440005
2439,111080.66058889
2440,126109.672828094
2441,99427.6650975902
2442,100524.788853359
2443,131883.838787861
2444,133584.505744095
2445,91228.9072200332
2446,146779.694147277
2447,191000.305301012
2448,129988.435225064
2449,116769.341607164
2450,150175.827530812
2451,118016.593595953
2452,202203.000574144
2453,89541.7463789834
2454,121124.300698518
2455,119877.993886718
2456,131040.35154776
2457,119690.657943047
2458,121162.42752608
2459,109658.899042067
2460,135358.00109654
2461,122137.501630138
2462,126947.155882406
2463,118906.851294329
2464,177915.351343549
2465,139570.46638082
2466,107395.191421387
2467,128750.652103821
2468,80472.2560442358
2469,79539.5354247661
2470,170323.96671664
2471,201646.542248123
2472,154383.679086893
2473,110215.817854091
2474,71777.5770860302
2475,214380.02662325
2476,111855.23462486
2477,123151.834538393
2478,150099.590197557
2479,101753.174284809
2480,154063.159051106
2481,123867.389883052
2482,122638.132893986
2483,111074.543262256
2484,125652.294014032
2485,124528.706990676
2486,144492.752380002
2487,168171.957131337
2488,158745.33851833
2489,147195.235338156
2490,142854.706402003
2491,87507.5494791757
2492,195668.480482187
2493,144388.560844204
2494,152152.805122445
2495,93535.9371658007
2496,266689.951198692
2497,156047.495759719
2498,110659.334292913
2499,83248.4520787233
2500,130022.372424778
2501,140784.862833816
2502,147266.221562827
2503,97471.1868119114
2504,184384.151196456
2505,218598.209782203
2506,258910.853031375
2507,290043.416293019
2508,257919.754939727
2509,213629.876108826
2510,220496.818114187
2511,177980.116057087
2512,204764.022720293
2513,222176.681941206
2514,263350.505601582
2515,149856.14444834
2516,171980.364625768
2517,146469.750608917
2518,153635.412142687
2519,218413.319906321
2520,218975.682294762
2521,187831.502357265
2522,220979.272856738
2523,119809.495539138
2524,138137.924331689
2525,149195.728154765
2526,140688.14406286
2527,123964.142583654
2528,128957.435984224
2529,139270.736646377
2530,121288.959774709
2531,250136.311797035
2532,224170.473424609
2533,197796.639427551
2534,234819.745538136
2535,303429.179227257
2536,233637.590216155
2537,238622.573342039
2538,189782.595482177
2539,189328.265027524
2540,184555.342990477
2541,184559.220640179
2542,163909.363182809
2543,120640.448459235
2544,122154.937015003
2545,136451.225960751
2546,136350.476620458
2547,140289.776634613
2548,152268.304592242
2549,156649.205741282
2550,826962.820383895
2551,135784.220477589
2552,132982.150490572
2553,76522.5413099683
2554,104140.887096559
2555,126830.089573896
2556,100848.278878686
2557,104872.699842386
2558,158233.30431538
2559,141621.023542821
2560,147747.730580693
2561,148218.03579894
2562,134455.985272401
2563,149592.678238447
2564,197279.375777321
2565,130122.790228576
2566,149598.179386702
2567,142123.74911501
2568,208753.020216448
2569,221082.858515979
2570,111498.667562096
2571,175855.942270535
2572,143442.017187112
2573,223673.148091121
2574,275198.975493025
2575,128261.359133131
2576,117449.006421348
2577,121399.821786486
2578,87304.7636243144
2579,63775.7627740873
2580,109406.640237507
2581,111732.298567759
2582,117000.068664236
2583,282367.726984759
2584,176915.596410093
2585,172624.901942824
2586,218721.460737366
2587,194916.340310492
2588,143631.398513556
2589,144488.744755161
2590,219402.640100344
2591,233818.620813444
2592,224724.35029668
2593,255399.092361865
2594,194641.464506037
2595,197097.625087404
2596,315727.056138343
2597,183881.470587709
2598,290663.045503961
2599,317709.144782219
2600,132615.603192105
2601,142255.308613288
2602,83105.8359854682
2603,94427.3657887942
2604,89533.9200937343
2605,78501.809595231
2606,143650.744943045
2607,211858.658259504
2608,201196.795350658
2609,168328.633490425
2610,107007.632634285
2611,108279.149452762
2612,153845.793812779
2613,126938.292747007
2614,119660.985872646
2615,159696.394623993
2616,145041.291553487
2617,176417.661548765
2618,204276.535783334
2619,199878.722069422
2620,189376.296870551
2621,171970.079355243
2622,183273.461774911
2623,256606.421104413
2624,310430.959808993
2625,283726.865641176
2626,175434.982678036
2627,164772.408827758
2628,448010.123680999
2629,487841.191675893
2630,359236.848265286
2631,475612.016069782
2632,394751.451594785
2633,321910.169140427
2634,393096.894384304
2635,161956.87693973
2636,181519.774257055
2637,182085.113567889
2638,266474.92713266
2639,185046.89713005
2640,160690.783407231
2641,106354.676810238
2642,180644.543434736
2643,100652.37579465
2644,119514.077190798
2645,107671.424336048
2646,94987.8562327929
2647,103241.105765317
2648,144088.813563024
2649,148473.123210723
2650,145544.632359946
2651,138982.511798717
2652,407274.61041774
2653,249737.211111287
2654,252627.9591322
2655,402335.232572081
2656,325359.632513868
2657,358418.633506831
2658,301545.941141742
2659,297824.586956557
2660,358114.670977786
2661,364181.926187711
2662,352989.490033186
2663,293780.204826273
2664,272571.377861879
2665,337674.472071233
2666,302865.081094216
2667,172831.681595437
2668,182464.407169265
2669,186191.662873074
2670,279771.744723474
2671,189896.549128718
2672,198702.664047998
2673,206568.446188887
2674,198526.959813927
2675,171500.467375015
2676,193609.084141783
2677,192098.634760885
2678,252390.120603056
2679,274413.452720545
2680,281538.856416745
2681,380130.483692278
2682,323992.143391955
2683,526588.619821794
2684,315620.342135806
2685,339343.735447415
2686,270041.655849783
2687,324372.451490872
2688,225396.309100017
2689,206501.163278596
2690,422922.723010618
2691,187512.445511374
2692,140525.75505388
2693,206562.723308818
2694,140426.440153643
2695,198457.363635914
2696,187378.726592872
2697,186415.024557189
2698,191259.290971435
2699,179389.621351687
2700,154627.31845395
2701,152110.028926181
2702,111372.667733896
2703,124607.827516535
2704,135409.194629395
2705,114499.109470274
2706,110797.757438723
2707,123805.375952191
2708,130623.38455951
2709,99779.6672265526
2710,121615.928712266
2711,293002.514722183
2712,377758.525339589
2713,167710.708260466
2714,157716.311395998
2715,165704.039168299
2716,151882.768223972
2717,188995.11055792
2718,224857.696367814
2719,164407.120034807
2720,185472.420914563
2721,128201.100694088
2722,160162.361034109
2723,137690.585385807
2724,120208.046193461
2725,126643.761152361
2726,151626.39883048
2727,179876.983891942
2728,174006.705536474
2729,144410.384018521
2730,144549.129527922
2731,135066.036478715
2732,128563.317907034
2733,160493.440775162
2734,149931.932217868
2735,136967.468467223
2736,139089.856798033
2737,119591.933175251
2738,136787.335506006
2739,156722.909389893
2740,134900.011263772
2741,135392.974342142
2742,148977.839784022
2743,153255.013035252
2744,158649.648459134
2745,142477.414695896
2746,134506.991237553
2747,139505.573724221
2748,121752.233072153
2749,126320.421026167
2750,140134.488179969
2751,132870.88548901
2752,185862.471488898
2753,148702.212269187
2754,226621.093781169
2755,136527.922521528
2756,91239.5913683749
2757,64273.1940448112
2758,94671.8145562113
2759,166381.786485404
2760,116951.706414022
2761,143371.480287453
2762,143930.914276652
2763,184064.459902167
2764,132064.627254671
2765,279778.193092277
2766,133653.247903648
2767,80561.122533131
2768,127330.783313926
2769,123270.92614988
2770,143872.527966311
2771,110906.400281572
2772,110968.452742552
2773,174544.620422091
2774,145557.368880301
2775,109874.888919013
2776,147259.325419123
2777,155656.683274258
2778,105321.069374058
2779,125397.476074218
2780,102983.754661825
2781,98919.936392757
2782,95438.7722511972
2783,96119.168182313
2784,124127.697761859
2785,141887.627788692
2786,67291.1771062786
2787,127665.269665466
2788,75867.7529128543
2789,172318.523035694
2790,103637.555306819
2791,112032.331535168
2792,62286.7658075402
2793,148676.580021949
2794,86852.6155136723
2795,112698.336285973
2796,93430.8580823296
2797,179748.567423541
2798,98094.8941008168
2799,111466.567364023
2800,62412.41431963
2801,100291.77767831
2802,127687.457615838
2803,161462.907228206
2804,124628.642497124
2805,96221.3100851156
2806,79669.4433583892
2807,159903.210843609
2808,145677.918850496
2809,135142.781093364
2810,126079.322206689
2811,158148.16369114
2812,151063.336876837
2813,155483.521182076
2814,156761.951307359
2815,96913.2597771644
2816,255321.368682731
2817,165538.960773602
2818,129266.800127146
2819,173004.036979529
2820,139797.818424814
2821,109155.266947357
2822,194877.799707927
2823,294173.696009005
2824,198549.324183127
2825,130047.999511823
2826,135503.108782692
2827,142176.923788706
2828,194658.389716966
2829,227784.928610997
2830,238411.409809243
2831,175937.931158184
2832,257363.509144069
2833,283443.901863694
2834,219172.958204826
2835,218759.387110666
2836,199197.257957037
2837,169608.541237425
2838,150402.373599616
2839,171525.923889894
2840,204989.754067723
2841,198813.419982794
2842,228410.318439642
2843,150970.732315069
2844,174140.721889679
2845,131374.805204595
2846,209972.701575753
2847,203409.883941087
2848,222055.506979343
2849,200716.463565295
2850,273300.605406263
2851,213717.989594805
2852,227412.40961741
2853,234004.94383717
2854,140760.487371744
2855,204745.125684046
2856,207765.889954126
2857,191810.874513533
2858,214441.041838
2859,126441.273241694
2860,123486.047991567
2861,123236.007500846
2862,191396.710489062
2863,123634.530398868
2864,229626.057876207
2865,140041.362806037
2866,152891.804438172
2867,101671.061628168
2868,101545.462643028
2869,102455.364448195
2870,130017.659826751
2871,86315.8215662345
2872,51356.0560148635
2873,104128.44140934
2874,137172.006071531
2875,115506.052102948
2876,161334.551180985
2877,149190.672648313
2878,173212.866803181
2879,136281.799196144
2880,102329.480256013
2881,156431.25113933
2882,167826.490887994
2883,206376.544765502
2884,194623.546794646
2885,181338.320600138
2886,224760.616681401
2887,89738.5883399238
2888,141533.290544128
2889,56928.9643477332
2890,77262.2645073452
2891,131125.980186967
2892,50004.0692700215
2893,89614.2622304442
2894,63275.1139917342
2895,304041.427004414
2896,267625.01254565
2897,193615.696943909
2898,153248.229395151
2899,196554.323962525
2900,156784.818359011
2901,196059.193244639
2902,190895.64312203
2903,339268.589407327
2904,367814.630784807
2905,79753.0967221103
2906,194480.253031712
2907,111900.122626677
2908,126667.008642793
2909,150075.581748735
2910,76820.6930485159
2911,81643.1882967174
2912,146669.029712809
2913,85046.9023444113
2914,79357.5977091908
2915,88325.2221981055
2916,84486.4791746555
2917,160585.961968188
2918,113812.3723017
2919,208997.896533091
