"ID","SalePrice"
1461,123398.835815751
1462,163053.854847843
1463,192411.720114189
1464,183921.249791197
1465,193044.542494163
1466,170095.618589787
1467,180491.738338373
1468,161592.365997353
1469,184172.946852602
1470,120873.217051806
1471,190423.766462501
1472,98898.4825779343
1473,97424.3701330586
1474,151019.06433386
1475,118351.988763263
1476,387484.699031264
1477,245249.027313037
1478,266415.181331007
1479,258768.924163591
1480,525547.780077877
1481,362296.632535026
1482,203999.145913815
1483,169276.138058357
1484,160871.680767688
1485,185036.83707298
1486,199552.116940848
1487,325023.967687103
1488,235958.974231959
1489,197856.29978735
1490,212304.657955405
1491,185023.955585203
1492,92098.198034607
1493,188176.905650818
1494,308125.886974057
1495,303470.655942386
1496,236634.122220153
1497,179392.774953995
1498,161693.645686535
1499,159422.301255833
1500,149896.564844979
1501,174419.673216138
1502,153387.174800699
1503,293914.009432627
1504,248150.594479912
1505,218432.301988683
1506,211348.126180793
1507,236053.955164918
1508,215939.79005679
1509,160439.466888659
1510,148753.749695618
1511,144085.945613598
1512,178833.695647237
1513,137851.185392689
1514,161924.498128813
1515,181914.291934283
1516,152943.123318494
1517,151881.913352977
1518,138345.721925403
1519,206339.662766245
1520,134506.287776139
1521,134162.693313532
1522,172570.863228405
1523,115484.966178138
1524,127190.936272608
1525,123893.738210791
1526,121408.230039774
1527,100439.143071935
1528,134834.044748127
1529,148409.847237532
1530,175867.983574171
1531,116131.056790524
1532,111407.054517586
1533,152118.48588153
1534,112796.958075711
1535,158571.802733885
1536,124786.880130765
1537,60259.1462662472
1538,176301.23596982
1539,200702.978477865
1540,89001.7171259035
1541,147740.064295955
1542,142194.637888562
1543,194418.202313832
1544,73962.5528366123
1545,114964.104202687
1546,128239.98476953
1547,131290.874287518
1548,131339.589520963
1549,110883.856432597
1550,129950.641054664
1551,125585.455950184
1552,142624.347602662
1553,144826.564439429
1554,118876.409053631
1555,176278.539346207
1556,96605.1984216685
1557,106240.186258564
1558,102343.481133497
1559,91309.2668858732
1560,139714.298142483
1561,141277.916467469
1562,126799.865120112
1563,118936.396585061
1564,150980.903060412
1565,140732.494485355
1566,239788.185772211
1567,75340.6022591885
1568,243338.163576237
1569,132933.156721865
1570,138803.638977514
1571,123118.717313958
1572,144381.544797592
1573,205026.998565446
1574,100545.426196164
1575,217871.618538674
1576,221640.958769239
1577,181109.881679923
1578,158502.707575824
1579,144669.610094587
1580,197522.787748184
1581,159409.074589534
1582,135948.206650163
1583,316235.2857825
1584,220386.428841518
1585,143297.037761726
1586,66922.400413412
1587,103228.73466062
1588,147366.599393405
1589,102087.108601061
1590,137201.443176875
1591,104244.152096579
1592,125209.709309194
1593,119951.447840524
1594,119342.588671827
1595,100801.676160901
1596,244007.430481331
1597,189389.093961888
1598,201428.564466458
1599,160377.205124195
1600,155575.056940777
1601,61431.7140135807
1602,99886.831246832
1603,81430.1469627346
1604,273415.084650245
1605,224299.791829764
1606,167914.457251131
1607,165453.291311062
1608,209246.127056984
1609,176004.393442499
1610,156954.429606171
1611,132259.16074604
1612,155773.848505595
1613,146795.291317291
1614,124649.979326051
1615,97794.1129498019
1616,71955.9410186214
1617,93754.221175307
1618,119095.186284156
1619,132198.883311276
1620,149026.801834949
1621,129662.07970914
1622,143441.422044775
1623,272358.490780095
1624,198339.180926759
1625,124432.389573973
1626,161925.887943893
1627,182035.426164826
1628,267805.273437857
1629,170704.202981915
1630,352772.497025405
1631,216397.040047077
1632,250527.507818013
1633,170707.133338919
1634,192886.096057699
1635,176179.212961616
1636,155186.374189691
1637,206405.59487805
1638,198463.113524117
1639,186306.248259678
1640,279036.740809865
1641,180720.472236309
1642,226401.391967718
1643,234924.768303774
1644,232562.776481862
1645,193120.775613947
1646,168386.880370168
1647,159646.86581426
1648,133379.26394668
1649,139083.626118385
1650,112322.385349004
1651,116429.915182503
1652,101852.35706532
1653,104447.05643547
1654,147587.412053365
1655,154798.514881235
1656,147192.994611284
1657,145285.563709877
1658,146425.331792637
1659,127839.348284314
1660,145211.87108674
1661,433641.241764714
1662,419312.620703432
1663,387504.284839129
1664,475057.360201682
1665,294816.551198624
1666,328636.726302269
1667,352055.956809963
1668,334506.722106982
1669,298023.617786023
1670,351029.399921152
1671,279053.772380697
1672,443671.227464008
1673,300078.742376613
1674,239491.7713849
1675,182041.675962493
1676,193312.41192934
1677,218147.931321054
1678,512100.165343836
1679,391683.016548589
1680,353838.23190819
1681,235594.934988565
1682,318982.834666279
1683,178023.042639319
1684,178687.083550033
1685,169237.075464273
1686,166097.055480512
1687,176176.020656318
1688,194243.06723785
1689,187652.897075821
1690,189638.145752677
1691,176990.753122289
1692,242839.965813576
1693,171164.559122357
1694,181063.598676971
1695,172442.376915493
1696,285764.803208902
1697,173516.963734923
1698,358011.896420703
1699,349242.28771573
1700,263668.675761371
1701,282248.405125193
1702,245832.334148259
1703,263482.162859142
1704,292075.700309866
1705,223241.947538771
1706,465948.453297499
1707,203125.746141439
1708,197207.327765904
1709,268214.479569721
1710,226455.808630889
1711,253097.781538168
1712,253496.602012054
1713,268287.645275761
1714,240294.330319578
1715,207916.559169946
1716,181959.05708415
1717,171595.061234402
1718,143765.584860188
1719,202578.076337928
1720,253074.610804892
1721,166690.538586332
1722,133621.163758348
1723,161095.828797026
1724,197104.667422492
1725,244831.425938412
1726,188789.31848295
1727,168040.851869351
1728,195003.4990775
1729,174362.129221926
1730,150568.082912955
1731,127727.355550459
1732,129336.040072985
1733,107988.070224791
1734,121212.944026466
1735,135919.168081805
1736,125063.16053779
1737,359507.730420328
1738,234505.289079862
1739,254265.089168568
1740,211751.827367033
1741,183450.025869635
1742,172820.706310644
1743,177814.849316369
1744,322006.276584011
1745,225009.163737866
1746,208225.914904568
1747,234056.423097897
1748,251002.934597221
1749,164468.791253625
1750,141733.778836976
1751,243778.325040306
1752,127450.172885039
1753,145705.298066944
1754,186462.846137583
1755,176651.97556844
1756,131062.067120381
1757,121541.570490219
1758,145171.300699482
1759,163967.481052358
1760,162890.039904461
1761,145160.640738029
1762,171096.829899778
1763,158301.792273399
1764,124937.513618361
1765,177291.964447564
1766,177879.300426934
1767,205041.66376361
1768,146149.519495937
1769,178577.033056779
1770,146237.494139661
1771,128459.087260599
1772,140621.275907251
1773,126605.444752117
1774,139157.393782074
1775,139032.038540417
1776,116436.688588926
1777,113801.389055772
1778,135987.496371386
1779,119708.719596894
1780,175332.262407799
1781,131781.354339549
1782,81223.6839760679
1783,137658.198323328
1784,111894.298823769
1785,122423.009498577
1786,141807.193994679
1787,165358.802957772
1788,52358.1978011246
1789,104959.199831349
1790,69745.2820658353
1791,186555.337979742
1792,158351.317638849
1793,130004.066117422
1794,146104.228326159
1795,132688.832670469
1796,118688.25158159
1797,119098.025768515
1798,123352.124785655
1799,109511.991047773
1800,127588.932302718
1801,134746.633413743
1802,133880.354754286
1803,148476.525036275
1804,135427.622723776
1805,135976.603033975
1806,119266.243933241
1807,137502.849237664
1808,111724.544256718
1809,121029.052165572
1810,133278.813492344
1811,96240.2260325345
1812,96828.3179039342
1813,125099.30442548
1814,92371.0553222973
1815,54546.8655165972
1816,104495.577029432
1817,108737.405591534
1818,158742.628672323
1819,123384.244073297
1820,69051.2891094814
1821,107814.164995901
1822,145927.657249867
1823,47455.3141607335
1824,119330.752606786
1825,119581.837485088
1826,102825.303340926
1827,110826.556322239
1828,127804.972283926
1829,108887.770863342
1830,142386.108689358
1831,163566.410165627
1832,85878.5324277087
1833,148201.937056724
1834,124953.71902817
1835,136716.994540717
1836,118702.401167104
1837,73746.8860749518
1838,139890.288249685
1839,96251.6994453612
1840,166645.874426798
1841,153050.512437962
1842,78278.2013865881
1843,133234.842562169
1844,144283.540679168
1845,139654.751689301
1846,154499.857935865
1847,164895.976152478
1848,57047.3707844684
1849,101632.876827088
1850,122630.887028366
1851,153609.097803037
1852,132566.902304665
1853,134455.88507157
1854,183905.464381148
1855,153347.830148581
1856,225338.148933161
1857,148607.419481204
1858,141228.612750502
1859,118343.975317674
1860,148510.93739792
1861,118343.975317674
1862,282520.131451867
1863,277803.127892158
1864,278286.522122349
1865,311719.328797098
1866,334798.744079018
1867,228362.120709314
1868,296664.472119859
1869,208337.34792653
1870,230704.769795074
1871,238768.39030617
1872,164663.556915056
1873,241414.789326819
1874,142830.426347875
1875,206208.058373202
1876,194823.749148873
1877,211089.082400398
1878,189154.078499384
1879,129864.909379337
1880,141455.741272436
1881,242927.522704384
1882,249596.015859105
1883,197781.781087657
1884,201027.289350747
1885,251553.381773717
1886,296417.301938338
1887,206670.519546231
1888,253082.816863651
1889,156378.161200196
1890,124608.974030235
1891,134845.618143687
1892,110425.020060107
1893,129904.670939124
1894,129132.312304088
1895,135050.760519987
1896,126181.030906826
1897,106093.881803859
1898,101652.457495254
1899,170125.144431841
1900,159810.619689438
1901,176439.496270958
1902,152471.563807755
1903,230990.528968119
1904,148066.881051965
1905,209186.469318552
1906,166474.957877065
1907,215714.407584054
1908,101193.693583917
1909,135605.713717593
1910,115276.448740082
1911,206531.219381839
1912,333012.633636838
1913,141350.825892358
1914,59456.7148462428
1915,310159.853963262
1916,62292.7529092181
1917,238230.469437739
1918,133226.837855852
1919,168848.39419166
1920,146420.1651269
1921,441547.198984726
1922,317502.668135037
1923,221907.449193771
1924,251487.178087136
1925,201682.292503782
1926,389408.078481006
1927,129641.183631312
1928,151841.941150982
1929,117529.111295393
1930,131096.569046405
1931,135478.648102819
1932,126141.807596027
1933,168031.877759294
1934,178715.032857938
1935,165786.402253057
1936,179304.005220037
1937,178658.286702002
1938,172543.381158106
1939,228775.192805824
1940,191922.037323348
1941,173102.604240248
1942,187439.877015323
1943,205212.835269454
1944,325846.419091172
1945,389186.805755657
1946,136662.635436466
1947,354304.55244377
1948,173867.635955031
1949,240787.994488701
1950,193365.32965354
1951,257281.91388337
1952,249256.573350915
1953,180367.331000804
1954,180909.637444237
1955,138975.963738319
1956,319156.887816556
1957,160551.966456573
1958,310561.799023485
1959,135089.404380287
1960,111075.953598002
1961,122616.035287006
1962,98710.4991605909
1963,101759.34521057
1964,114563.527478132
1965,150386.260562076
1966,145990.99218382
1967,294061.483293696
1968,431419.147197519
1969,439528.898847003
1970,449388.53194307
1971,470892.262788575
1972,364787.320232041
1973,262440.927023056
1974,307003.658813625
1975,495719.123914624
1976,268776.525060341
1977,356992.825001364
1978,355636.652053717
1979,347493.435394144
1980,198783.236331587
1981,360762.701684029
1982,222139.090424486
1983,203589.060795539
1984,172091.132757471
1985,219774.194863565
1986,213813.940885781
1987,177724.826483587
1988,173204.65591823
1989,202546.395080119
1990,204930.625434214
1991,244965.251950759
1992,207425.987666259
1993,175409.363107585
1994,242986.606691804
1995,186650.367735594
1996,253697.82049187
1997,313934.75610804
1998,329000.485862049
1999,252008.162975293
2000,314654.41875024
2001,260552.857516892
2002,234036.781125381
2003,264610.288327625
2004,284224.290020509
2005,218275.706563862
2006,222849.279676473
2007,253620.65174521
2008,213025.861701418
2009,189174.824646453
2010,197766.314901203
2011,137168.08163299
2012,175184.177029693
2013,173880.569857791
2014,187854.513984955
2015,205204.811471697
2016,188093.475492029
2017,199529.852178762
2018,129524.400746399
2019,131859.799810042
2020,106704.324201786
2021,114703.023367213
2022,186732.26738302
2023,143612.108628562
2024,252968.197500004
2025,410036.98724322
2026,172530.711258593
2027,154079.767124474
2028,148836.904430601
2029,161521.030443172
2030,270204.190232495
2031,240552.276515562
2032,248715.895866955
2033,282871.959351448
2034,163442.757584571
2035,225769.649352479
2036,188666.388795947
2037,194948.273859782
2038,302680.14504912
2039,229481.647651028
2040,309800.970888835
2041,283426.605309337
2042,201486.97049605
2043,179436.919613387
2044,181869.711241826
2045,242305.812281086
2046,160137.562474571
2047,143070.09089846
2048,135719.695761665
2049,136064.293215466
2050,193346.520998404
2051,101503.564734853
2052,130959.989631703
2053,141751.892488207
2054,87487.2737647735
2055,154180.602259864
2056,139136.161668815
2057,127160.736474875
2058,220792.443753037
2059,131729.334541375
2060,162773.263059801
2061,175564.838252799
2062,134842.403211944
2063,111779.750184646
2064,143686.907813091
2065,118987.789929375
2066,159946.319752676
2067,106519.685842022
2068,141886.465540166
2069,85527.8985379619
2070,115919.493427884
2071,99730.8228752434
2072,129707.963977522
2073,142124.952779101
2074,194730.129253446
2075,144141.057988398
2076,118914.053646372
2077,151242.320826699
2078,126905.235226664
2079,134957.802939842
2080,122218.747901104
2081,127611.809871631
2082,131021.451493633
2083,140756.520656843
2084,113453.433987871
2085,121822.399226193
2086,103155.516373949
2087,128480.65050148
2088,97805.3052382755
2089,79410.3442330071
2090,132010.787754892
2091,118618.433933305
2092,117640.127344282
2093,115455.894185829
2094,126148.785084722
2095,144028.244522672
2096,83653.0824913743
2097,104116.482103446
2098,140133.304879642
2099,50201.495043285
2100,74619.677930664
2101,111988.457272577
2102,132971.701890004
2103,101360.303140854
2104,126340.455881309
2105,124986.01695797
2106,70763.7974689239
2107,226651.125252125
2108,116244.743138344
2109,109868.183081786
2110,130096.465184189
2111,148134.817479317
2112,127305.493831522
2113,114000.823696542
2114,108156.067047533
2115,150504.628219947
2116,117982.356033322
2117,140962.858055527
2118,118870.740719869
2119,107464.222132759
2120,112798.24894184
2121,90081.4193801917
2122,111301.920569756
2123,86988.6777968254
2124,152292.380848931
2125,125994.528344738
2126,131377.046163848
2127,162958.716446827
2128,119922.280760364
2129,97635.4137182921
2130,125795.944095687
2131,142005.99766287
2132,117089.443669169
2133,130320.355208128
2134,122347.494461499
2135,94698.8365162102
2136,71891.3961810414
2137,119015.594699353
2138,130665.947009604
2139,149157.47015485
2140,135737.299708032
2141,141026.055566811
2142,126707.390639457
2143,146936.614154049
2144,113062.757369413
2145,135672.331774186
2146,168964.534133699
2147,142328.816849303
2148,134751.259651684
2149,142032.679381322
2150,228240.630073955
2151,102516.089879223
2152,151224.725068472
2153,160759.417110078
2154,97528.0211301138
2155,135541.713600277
2156,254325.232829718
2157,229886.65967694
2158,242520.58149684
2159,201122.40226737
2160,165793.04284787
2161,245569.19448842
2162,413632.253750784
2163,360943.717446598
2164,237533.323456349
2165,203899.755724353
2166,145411.148886931
2167,221556.425577754
2168,198637.696445719
2169,186827.030920635
2170,217966.386169735
2171,154341.39867161
2172,136549.554378337
2173,175641.371205672
2174,233157.264565095
2175,321654.544698212
2176,321377.052385191
2177,244779.596768835
2178,215091.766685819
2179,143126.998640371
2180,240639.697045838
2181,187049.522129248
2182,225843.728389453
2183,191977.137597843
2184,128943.53805985
2185,122734.197306621
2186,139663.275799024
2187,148932.88811361
2188,149549.02197205
2189,237318.217954467
2190,77318.952786635
2191,85125.5866084834
2192,89214.507240186
2193,98573.9058615267
2194,97460.7981006345
2195,115319.441805038
2196,99438.501317403
2197,118255.63766339
2198,167826.885863592
2199,187356.77362573
2200,140190.648827274
2201,141883.759296414
2202,214990.662600978
2203,134120.733091696
2204,170497.414345456
2205,131733.605924649
2206,161443.259750635
2207,207578.758495253
2208,256285.710234533
2209,220829.927341192
2210,114313.058482516
2211,114241.674364842
2212,113531.579574513
2213,102298.008543708
2214,119608.070051212
2215,103732.925596936
2216,139315.94076652
2217,53751.9200086383
2218,75262.2542416773
2219,73347.9991265491
2220,76639.0071490236
2221,312256.676775447
2222,250931.371660174
2223,263783.363741175
2224,189126.660995883
2225,116338.679175402
2226,176043.171264573
2227,208116.724704461
2228,275633.623617469
2229,271354.109496533
2230,159799.341948411
2231,211388.038290319
2232,187709.993920163
2233,171612.572228716
2234,233531.122216842
2235,216350.404933271
2236,306864.911742603
2237,360968.1580895
2238,205479.168394895
2239,112660.962099057
2240,157572.789196871
2241,144732.813099289
2242,124280.824285446
2243,115918.056294025
2244,107514.657011394
2245,100468.745378817
2246,139368.165332224
2247,116750.695764076
2248,123237.246227472
2249,120656.8117542
2250,125932.422102204
2251,88304.7210345885
2252,166372.111305158
2253,153109.053728501
2254,168231.023302531
2255,198747.220445957
2256,180197.807189436
2257,211992.072920745
2258,169440.234799032
2259,172233.154170941
2260,140936.6461247
2261,191666.513104939
2262,207432.317901634
2263,330514.71091226
2264,487159.031180128
2265,165171.090736118
2266,311372.300566503
2267,356369.656183321
2268,403904.843456144
2269,150931.091912097
2270,193981.122874424
2271,226433.133431916
2272,203298.808039169
2273,165861.203371336
2274,184808.632356914
2275,171546.792512732
2276,216064.829537367
2277,188491.940995402
2278,146529.262365581
2279,120963.856133104
2280,105730.161087004
2281,153747.742761272
2282,173021.567212375
2283,102147.196073189
2284,107301.597746551
2285,141949.400260889
2286,125004.612910094
2287,370678.207362029
2288,254862.062154482
2289,415876.94235584
2290,498439.700798256
2291,316750.209362915
2292,427545.307469674
2293,486428.77732367
2294,428875.786939393
2295,475101.308084696
2296,316602.528373106
2297,316796.732566231
2298,359523.159149398
2299,350287.001740128
2300,322923.627642425
2301,281921.011544273
2302,244435.747920813
2303,252893.90363574
2304,248023.543361921
2305,193652.665482182
2306,190030.45950713
2307,189300.974097482
2308,223530.613661296
2309,275832.947101127
2310,209875.262734364
2311,198594.13101987
2312,158676.182913384
2313,175825.555335821
2314,167740.639901256
2315,169069.144505495
2316,182451.8533679
2317,189010.541443882
2318,174714.009632878
2319,176270.974454336
2320,179155.640697633
2321,238614.054670786
2322,165745.141661305
2323,183133.287360326
2324,174770.503033815
2325,216200.044222777
2326,170223.330362826
2327,200073.097163739
2328,217681.168880944
2329,191555.410560602
2330,185767.605647543
2331,349410.192017853
2332,395206.2905969
2333,340827.556004826
2334,248934.922277768
2335,272668.278453551
2336,330124.0897187
2337,217375.800574846
2338,290245.844225268
2339,220405.345572242
2340,398233.386417763
2341,256642.801903013
2342,238373.190179628
2343,225873.237563918
2344,223875.157202779
2345,250347.18689794
2346,221928.18965158
2347,213594.036383494
2348,240175.882493673
2349,169798.050927643
2350,290926.461810966
2351,263209.920233322
2352,258176.095304831
2353,237513.616213513
2354,145742.26489211
2355,149077.548396002
2356,155143.756831878
2357,192456.682405043
2358,189895.674316688
2359,137455.911659728
2360,119891.748712366
2361,147315.311314943
2362,283168.319448061
2363,145198.161735569
2364,155223.229883056
2365,222449.877301413
2366,199693.946576854
2367,242235.342877208
2368,227538.863667754
2369,236141.317341642
2370,162061.993150598
2371,169013.204557387
2372,198942.542684444
2373,268335.239277658
2374,311369.034158211
2375,243763.213975383
2376,313682.470487578
2377,345885.260150898
2378,151338.556787928
2379,215292.680278621
2380,154207.071386146
2381,185499.576236361
2382,200793.725087672
2383,210100.956033175
2384,238154.825754322
2385,177395.64004922
2386,147882.155653549
2387,134376.535904818
2388,96984.0404044849
2389,124256.76635796
2390,145044.539409583
2391,139866.543325187
2392,112046.037548136
2393,167235.576846827
2394,138805.492218403
2395,193549.825162445
2396,151351.113818285
2397,205650.70513542
2398,129472.777964995
2399,51974.5296800666
2400,61507.394922541
2401,109912.303671843
2402,141762.572516514
2403,136945.09494624
2404,148241.375153542
2405,150089.531872956
2406,139367.899508798
2407,128109.802265009
2408,139793.466275086
2409,118518.248973628
2410,162830.864573708
2411,121626.563010837
2412,156440.660763728
2413,132058.762578639
2414,135556.579620331
2415,135770.960666959
2416,124703.36584752
2417,140956.808715754
2418,129673.703837309
2419,113203.556654199
2420,121094.976245851
2421,136073.376790187
2422,106655.795160886
2423,122579.43985513
2424,158078.667472532
2425,175387.952138664
2426,124533.298245857
2427,128331.374805873
2428,174595.416273079
2429,114225.006330248
2430,130974.103321352
2431,100817.731478306
2432,137107.005247751
2433,142549.557771329
2434,141059.682807115
2435,139545.44947685
2436,108933.991014566
2437,115636.390919508
2438,119255.780206145
2439,113023.839226825
2440,120737.731190337
2441,99364.7494281815
2442,104941.083857278
2443,126267.702297725
2444,130682.396928997
2445,81521.5238132186
2446,154345.667282046
2447,192162.324444595
2448,130010.761292916
2449,111991.34092362
2450,153467.357963449
2451,122424.410526753
2452,204892.714148979
2453,90873.5201602079
2454,121254.681970173
2455,111554.089743364
2456,131566.873618123
2457,110669.186421937
2458,112560.978114794
2459,109992.415746792
2460,137052.229667392
2461,118129.394448404
2462,128168.093010714
2463,120728.980527494
2464,182547.926458363
2465,137434.414880543
2466,110178.450274448
2467,139560.488430131
2468,71859.0426816301
2469,78212.3114965324
2470,173452.439053103
2471,198197.368411823
2472,160596.682054088
2473,119607.49971685
2474,77162.493703005
2475,218318.176137736
2476,110701.064805292
2477,123927.298569799
2478,144026.321550982
2479,107792.575041879
2480,155276.678782287
2481,125639.243128301
2482,125779.989315538
2483,120684.085787019
2484,128442.059758833
2485,130923.026468208
2486,150443.782785507
2487,162789.408059195
2488,149626.485263599
2489,143407.637313227
2490,146222.154020648
2491,83752.4648355903
2492,182669.656824718
2493,136005.913283518
2494,143881.760172228
2495,95957.5867068153
2496,283272.03777403
2497,154132.969281242
2498,115560.543539251
2499,87086.20910152
2500,129957.953165114
2501,144750.619802283
2502,145424.739660063
2503,98875.1890366636
2504,166946.356009855
2505,221582.838736159
2506,254445.077518449
2507,289578.969895226
2508,252071.619063243
2509,216544.440047097
2510,220043.896818888
2511,178872.414484347
2512,210586.406284243
2513,213466.55877356
2514,256162.799927761
2515,153389.954172652
2516,163800.405017878
2517,140406.734587692
2518,154749.510353418
2519,213799.66774173
2520,218653.851280835
2521,187207.994502689
2522,216701.033395872
2523,124855.327370506
2524,139366.171668886
2525,147529.152920831
2526,145228.351716888
2527,128496.947851665
2528,130405.0195405
2529,141575.450598331
2530,122106.089352329
2531,254677.164095516
2532,217632.181516051
2533,198066.99045269
2534,225896.072125641
2535,314679.626298265
2536,218116.935253525
2537,251154.504750197
2538,183912.479951679
2539,187802.387978939
2540,176270.470139754
2541,178552.51091711
2542,166142.681664831
2543,120518.235294454
2544,120344.922896028
2545,132320.222805139
2546,133591.475617137
2547,136732.771852851
2548,148560.516545218
2549,150430.583722348
2550,489679.897835475
2551,134911.734131604
2552,129947.047117288
2553,77678.8135732622
2554,115545.776728417
2555,123092.771298227
2556,98122.3914685818
2557,111436.913657354
2558,152425.476370602
2559,140238.386504202
2560,145594.731540325
2561,150614.326931132
2562,132044.532006769
2563,152416.318697203
2564,211422.91716182
2565,131433.439175221
2566,156827.549387815
2567,141363.902354446
2568,189669.255025056
2569,207950.071981852
2570,103316.290792283
2571,179920.311440666
2572,146752.179220373
2573,215048.28405297
2574,282836.891721374
2575,131829.622950574
2576,132932.396074417
2577,136509.451337091
2578,93826.5825791107
2579,66549.635976394
2580,120280.095390896
2581,102936.663800208
2582,117914.415490118
2583,266619.28034329
2584,163375.123498742
2585,162053.492883699
2586,203631.391565219
2587,178487.135006112
2588,148411.828735995
2589,137575.122472473
2590,214272.002337679
2591,212554.449682164
2592,221285.291823933
2593,257783.925297859
2594,192716.200647591
2595,195892.969525387
2596,309203.853287969
2597,184186.823015039
2598,300559.332469515
2599,315887.146336585
2600,121979.574396458
2601,142885.876088109
2602,83240.1381009036
2603,96792.4032636647
2604,91537.9618163278
2605,75850.0116081383
2606,142828.383156851
2607,198144.640035575
2608,186859.817471122
2609,160283.169915971
2610,108618.215881089
2611,98936.4996109584
2612,148692.619466
2613,127490.897285454
2614,126491.758405424
2615,159354.96311057
2616,136857.620212451
2617,169626.327926526
2618,185109.201820033
2619,199682.90118903
2620,187820.11994508
2621,173180.541195646
2622,181308.445549552
2623,269162.314872693
2624,325466.591724377
2625,295362.50449216
2626,173469.312421663
2627,168831.809289407
2628,443087.708884748
2629,516270.700557531
2630,359857.610920315
2631,480735.577188723
2632,414605.37185115
2633,349289.58592106
2634,393416.696731272
2635,155388.670184744
2636,187727.717162622
2637,182076.053685355
2638,262825.643680853
2639,177591.48663731
2640,157575.494136284
2641,110798.762696123
2642,172301.661850112
2643,99447.7952822909
2644,124389.795063221
2645,104699.869392635
2646,96483.5714574451
2647,104659.13869013
2648,145409.346124691
2649,143538.580378522
2650,151933.052556026
2651,145667.507099689
2652,433748.365095323
2653,233996.609497332
2654,243327.952914768
2655,422781.520495188
2656,315628.776589596
2657,356744.719642722
2658,307667.525663289
2659,301078.016884444
2660,371424.502378906
2661,372647.856328024
2662,359804.420872706
2663,288718.894083907
2664,281992.268667486
2665,335270.026691778
2666,308576.396870711
2667,167597.687722904
2668,177813.831854551
2669,176080.950084134
2670,279197.251391846
2671,181067.742941286
2672,197935.376893026
2673,207276.29436131
2674,199494.462029527
2675,166890.481791403
2676,186722.295070335
2677,188110.337960005
2678,248207.398143981
2679,283872.675179682
2680,276015.830786521
2681,397075.967958842
2682,336747.907989002
2683,569394.544521938
2684,325320.431273119
2685,334322.703700613
2686,286155.600733973
2687,329304.659159993
2688,236486.804355225
2689,207041.195636859
2690,490758.909683054
2691,192762.153248078
2692,139660.878340578
2693,202907.739215581
2694,133387.277811257
2695,199338.135555134
2696,185815.445490937
2697,190589.459764853
2698,202522.830529019
2699,182111.306272597
2700,154018.798294851
2701,154723.09567468
2702,117454.486723107
2703,117469.945579504
2704,134112.547261609
2705,122509.553068766
2706,120658.077501167
2707,130498.948109848
2708,139088.003323171
2709,104020.311421219
2710,121511.669111825
2711,277807.366863828
2712,396801.140594023
2713,167296.512466517
2714,151466.918514412
2715,167358.268313824
2716,151628.499861707
2717,193265.775213989
2718,239580.634358923
2719,171467.301447382
2720,197738.02622634
2721,134318.880124332
2722,166948.744213716
2723,143515.584859048
2724,129896.370792168
2725,131862.566367762
2726,140728.736572495
2727,165822.612534469
2728,159365.601557149
2729,143440.054087296
2730,142981.294547054
2731,129093.402713687
2732,123767.731719314
2733,151250.830985215
2734,159786.084000469
2735,136652.209302562
2736,135307.691936276
2737,122294.883248461
2738,134778.763344654
2739,162904.487541558
2740,131531.997039976
2741,141283.30589508
2742,149430.978345551
2743,149880.697956866
2744,147842.954117354
2745,139045.828717844
2746,138339.389105785
2747,131502.271430501
2748,119641.838691977
2749,128342.390048842
2750,147012.303666357
2751,131902.059018629
2752,177476.863918034
2753,153186.607951026
2754,219110.788330746
2755,132477.170475745
2756,84459.2677109196
2757,58597.8146668479
2758,94245.1164624305
2759,160292.188788308
2760,118295.680405696
2761,145244.972733818
2762,146251.859528247
2763,178246.098154962
2764,125309.933789511
2765,291462.431662975
2766,123971.74458002
2767,85133.136877264
2768,129570.606997481
2769,126761.779222015
2770,151877.568038741
2771,124590.080478603
2772,113198.482679663
2773,177521.045004455
2774,140917.695918817
2775,108512.505637313
2776,146235.82059393
2777,148456.277867377
2778,97698.9370215664
2779,120564.333101741
2780,109821.985494337
2781,95507.1257253923
2782,97533.4158575072
2783,91879.4061070685
2784,125638.284580604
2785,138113.31284705
2786,59825.4548530905
2787,122607.96698478
2788,69640.1358059332
2789,178836.76555743
2790,102890.633278471
2791,115580.823429032
2792,64037.1575456635
2793,153463.99176918
2794,79860.7810757955
2795,109151.957091908
2796,88708.6901867261
2797,171290.949842678
2798,101820.113689672
2799,118078.597080099
2800,58627.8875592344
2801,103685.550181053
2802,130504.673096198
2803,153785.43007484
2804,120198.565620318
2805,96760.1929825471
2806,73507.3083676029
2807,154146.934215978
2808,145883.40870791
2809,139664.47454368
2810,132420.203353783
2811,155751.269399341
2812,139327.101624459
2813,155368.6657977
2814,151605.798700902
2815,93403.4936370973
2816,244553.26465665
2817,159890.806030916
2818,124311.52564534
2819,159651.890180137
2820,140197.601203162
2821,105488.541287404
2822,189594.926804337
2823,277913.09714111
2824,191860.914665152
2825,120859.730783349
2826,133793.051305012
2827,142652.097806119
2828,191229.236778617
2829,209954.938608182
2830,234765.752525686
2831,178722.020867964
2832,247759.003349027
2833,284373.410698564
2834,210414.163895965
2835,220883.2155266
2836,190910.172661928
2837,171444.900128093
2838,153129.059250952
2839,176952.104081124
2840,197510.543921055
2841,200812.492162859
2842,229511.194404717
2843,147771.910202202
2844,164935.766988149
2845,129620.909000239
2846,208928.082520551
2847,202542.918170654
2848,214407.730855845
2849,197435.967153836
2850,271947.630515143
2851,228019.152364166
2852,215723.459510738
2853,228686.41198745
2854,141253.531877309
2855,203327.504430344
2856,205644.233152005
2857,188273.838728378
2858,205473.485627521
2859,132167.242353813
2860,125502.604096219
2861,123161.46385071
2862,181439.039011071
2863,118657.128430227
2864,235387.870303458
2865,135366.934018552
2866,136086.87350669
2867,98865.7600134502
2868,95469.5159803643
2869,111331.751531692
2870,132078.536803839
2871,93105.2083182387
2872,49526.5235194704
2873,102774.42183344
2874,132468.200634101
2875,114774.914675216
2876,156528.560384933
2877,133391.094106479
2878,181791.677974501
2879,126653.38775067
2880,106598.748367871
2881,153991.480336174
2882,173562.972904416
2883,210099.954196136
2884,200843.519133579
2885,188519.266484178
2886,225634.905069434
2887,94684.7489158489
2888,140613.095624345
2889,51127.1312505635
2890,77663.1842047565
2891,133715.24099193
2892,47609.8460428718
2893,85972.9332477472
2894,56793.4870367385
2895,298054.599100483
2896,273478.193176784
2897,183833.219576841
2898,146723.771352093
2899,193967.433741172
2900,152168.543781142
2901,188021.019964588
2902,187124.101641208
2903,344569.31186354
2904,381721.13290305
2905,69050.235478465
2906,195723.225463463
2907,109240.161530316
2908,131807.874747774
2909,135695.364653943
2910,81437.4471268783
2911,80495.7343576132
2912,147018.753093298
2913,92525.3448660337
2914,79464.9654973706
2915,89390.2885757966
2916,88970.3175649026
2917,149629.767283123
2918,112580.731606426
2919,199791.477195954
